tree
version=v3
num_class=1
num_tree_per_iteration=1
label_index=0
max_feature_idx=1
objective=binary sigmoid:1
feature_names=qp 0
feature_infos=[22:37] [0.00022298563271760943:0.9921424388885498]
tree_sizes=3318 3398 3424 3416 3416 3429 3416 3423 3411 3415 3410 3423 3423 3404 3415 3427 3403 3412 3407 3400 3414 3436 3408 3437 3424 3422

Tree=0
num_leaves=31
num_cat=0
split_feature=1 1 1 1 1 1 1 1 0 1 1 1 0 1 0 0 0 1 1 1 1 1 0 1 1 1 1 0 1 1
split_gain=2043.47 270.087 258.402 78.3739 37.6113 29.1981 26.5398 16.4232 13.0963 22.586 8.74675 7.70479 6.5209 8.72301 6.83094 5.98083 5.88108 5.80807 5.83322 7.87333 5.31293 5.25731 4.73718 4.4416 4.28383 3.80336 3.68713 3.35662 3.29818 3.2175
threshold=0.32239297032356268 0.48371839523315441 0.13012342154979709 0.88180094957351696 0.24145304411649707 0.081301238387823119 0.67939728498458873 0.43951098620891577 24.500000000000004 0.83094432950019848 0.020628726109862331 0.76830264925956737 24.500000000000004 0.93518447875976574 29.500000000000004 34.500000000000007 29.500000000000004 0.68430745601654064 0.80139055848121654 0.80842730402946483 0.90432122349739086 0.14942944794893268 29.500000000000004 0.93518447875976574 0.34849961102008825 0.2893290668725968 0.53793478012084972 24.500000000000004 0.82377609610557567 0.64272338151931774
decision_type=2 2 2 2 2 2 2 2 2 2 2 2 2 2 2 2 2 2 2 2 2 2 2 2 2 2 2 2 2 2
left_child=2 7 5 6 21 10 26 15 11 16 -1 -8 20 14 -14 -2 -10 -18 -19 -20 -5 -4 25 -22 -17 -6 -3 -9 -21 -28
right_child=1 3 4 12 22 -7 8 27 9 -11 -12 -13 13 -15 -16 24 17 18 19 28 23 -23 -24 -25 -26 -27 29 -29 -30 -31
leaf_value=1.9508827668684474 1.8371919688646252 1.8083265210820183 1.8958115448794197 1.7676854941000422 1.8725008014851883 1.9064486813285817 1.7834132323774075 1.831085096480189 1.7903455249731031 1.7334209930678397 1.927191692205787 1.8047034013920882 1.7373369670524141 1.6130964025049623 1.6187910347935799 1.8769250742427297 1.7050168990440506 1.7801315834916038 1.6290685595634042 1.7332090077033349 1.7175488334990381 1.8818540842109264 1.8550206807997212 1.759815650160212 1.8464110053277261 1.8590251273226841 1.7972589507446695 1.8158262179716409 1.8235097811763201 1.80792122977389
leaf_weight=185.5229514837265 1555.8736356347799 740.20832419395447 323.84114183485508 65.804143324494362 523.961076810956 834.02925841510296 308.18469986319542 216.60040020942688 408.48010256886482 106.65215358138084 973.99549528956413 379.05070036649704 40.023986995220184 8.5933854430913907 5.5327276140451422 60.977721363306046 12.831219360232351 193.88090170919895 6.0035980492830303 13.537525013089182 73.573505505919456 1619.2057091742754 515.0145385414362 37.551917210221291 187.40643322467804 348.91499251127243 1202.838526815176 431.08188346028328 5.7681628316640845 370.10416209697723
leaf_count=1576 13217 6288 2751 559 4451 7085 2618 1840 3470 906 8274 3220 340 73 47 518 109 1647 51 115 625 13755 4375 319 1592 2964 10218 3662 49 3144
internal_value=0 -0.379391 0.458203 -0.540276 0.287775 0.742962 -0.505424 -0.118332 -0.612291 -0.703931 0.845602 -0.51266 -1.10549 -1.40914 -1.23482 -0.0692967 -0.632984 -0.760126 -0.721845 -1.17336 -1.01255 0.377583 0.162045 -1.1459 0.0748009 0.206921 -0.439155 -0.254929 -0.862329 -0.466543
internal_weight=0 6430.56 5324.49 3978.62 3330.94 1993.55 3747.54 2451.94 1434.39 747.154 1159.52 687.235 231.08 54.1501 45.5567 1804.26 640.502 232.021 219.19 25.3093 176.93 1943.05 1387.89 111.125 248.384 872.876 2313.15 647.682 19.3057 1572.94
internal_count=99858 54627 45231 33798 28296 16935 31835 20829 12185 6347 9850 5838 1963 460 387 15327 5441 1971 1862 215 1503 16506 11790 944 2110 7415 19650 5502 164 13362
shrinkage=1


Tree=1
num_leaves=31
num_cat=0
split_feature=1 1 1 1 1 1 1 1 1 0 1 1 0 1 0 1 0 0 0 1 1 1 1 1 1 1 1 1 1 0
split_gain=1666.65 235.209 201.63 53.4759 32.4936 28.1504 19.0019 12.8481 8.37626 8.32788 15.6386 5.86106 4.81752 4.6871 3.97812 4.79095 3.97674 3.85474 3.69669 3.57616 3.4156 3.4011 5.18233 3.22679 3.19298 3.1398 2.82488 2.78173 2.74802 8.54909
threshold=0.32239297032356268 0.13012342154979709 0.48371839523315441 0.88180094957351696 0.24145304411649707 0.078409180045127883 0.67438378930091869 0.43951098620891577 0.020628726109862331 24.500000000000004 0.83094432950019848 0.78084453940391552 34.500000000000007 0.14942944794893268 24.500000000000004 0.93518447875976574 29.500000000000004 29.500000000000004 29.500000000000004 0.34849961102008825 0.90432122349739086 0.80139055848121654 0.81626987457275402 0.2893290668725968 0.7621264159679414 0.35400301218032842 0.097837418317794814 0.93518447875976574 0.8636571764945985 29.500000000000004
decision_type=2 2 2 2 2 2 2 2 2 2 2 2 2 2 2 2 2 2 2 2 2 2 2 2 2 2 2 2 2 2
left_child=1 5 7 6 13 8 -4 12 -1 11 18 -8 -2 -3 20 17 23 -16 -11 -14 -5 24 -23 -6 -20 -21 -7 -22 -12 -30
right_child=2 4 3 14 16 26 9 -9 -10 10 28 -13 19 -15 15 -17 -18 -19 21 25 27 22 -24 -25 -26 -27 -28 -29 29 -31
leaf_value=0.10198655911974962 -0.0082484806313267989 0.046180986479312833 -0.038073133985779203 -0.066752833198814907 0.023947397363591527 0.064815258687935223 -0.053090816349104869 -0.022498482345709912 0.077829057970601995 -0.048152243431819161 -0.10327226765699452 -0.035173926617659848 0.02810617603193033 0.032772841539234085 -0.090411790281027457 -0.17668655258247012 0.0077900946965027088 -0.17307414375035624 -0.065085031374063018 -0.042705521146233799 -0.10525986665132968 -0.13639103460910851 -0.049323181349343201 0.011453270956665311 -0.035279065227381189 0.0039140804665022998 0.052804806041251623 -0.072993478941553655 -0.04559590030887084 -0.17620693324536257
leaf_weight=171.73287069797516 1566.3392898142338 312.32452138513327 2340.130026742816 69.631217397749424 514.07429731637239 309.98481769859791 386.25481958687305 659.75889050960541 874.02638643980026 442.87796415388584 81.922633945941925 346.24611556529999 59.633144736289978 1577.7748084813356 43.267016708850861 10.114171639084814 511.79884932935238 6.4871225059032431 183.49481562525034 15.774286374449728 80.641396343708038 14.903569057583811 12.628826439380644 345.7244316637516 44.695482239127159 171.63365323841572 531.7785092368722 39.957700878381729 27.562755346298218 6.1250567436218253
leaf_count=1576 13217 2751 19257 559 4451 2758 3144 5502 7880 3615 642 2854 518 13755 340 73 4375 47 1482 134 625 113 102 2964 362 1458 4721 319 216 48
internal_value=0 0.427444 -0.331377 -0.466415 0.264859 0.708396 -0.437575 -0.105491 0.817962 -0.523579 -0.593177 -0.446217 -0.0620152 0.349884 -0.914626 -1.13944 0.147692 -1.0119 -0.536798 0.06777 -0.843874 -0.632528 -0.964539 0.189235 -0.59247 -9.93123e-05 0.572277 -0.945692 -0.933857 -0.693434
internal_weight=0 5149.22 6610.08 4136.94 3261.7 1887.52 3886.84 2473.14 1045.76 1546.71 814.211 732.501 1813.38 1890.1 250.099 59.8683 1371.6 49.7541 698.601 247.041 190.23 255.723 27.5324 859.799 228.19 187.408 841.763 120.599 115.61 33.6878
internal_count=99858 45231 54627 33798 28296 16935 31835 20829 9456 12578 6580 5998 15327 16506 1963 460 11790 387 5674 2110 1503 2059 215 7415 1844 1592 7479 944 906 264
shrinkage=0.1


Tree=2
num_leaves=31
num_cat=0
split_feature=1 1 1 1 1 1 1 1 1 0 1 1 1 1 1 0 0 0 1 1 1 1 1 1 1 0 1 1 1 1
split_gain=1367.95 186.395 181.962 37.8037 25.1997 16.14 14.3095 13.9892 7.32204 6.66141 10.4742 5.17728 4.3033 4.28608 4.06214 2.94697 2.73146 4.52688 3.13001 2.91343 2.86083 4.56303 5.34964 2.63261 3.14747 2.61909 2.96833 2.5919 5.46031 2.58692
threshold=0.30349151790142065 0.11143270507454875 0.48371839523315441 0.88180094957351696 0.21801400929689413 0.045239530503749854 0.39890351891517645 0.67939728498458873 0.14942944794893268 24.500000000000004 0.80139055848121654 0.086734827607870116 0.016984088346362117 0.83094432950019848 0.68944609165191661 24.500000000000004 24.500000000000004 34.500000000000007 0.30629044771194464 0.33101660013198858 0.3281323909759522 0.33382870256900793 0.33685186505317694 0.43951098620891577 0.42723102867603308 24.500000000000004 0.93518447875976574 0.24145304411649707 0.23341007530689242 0.53793478012084972
decision_type=2 2 2 2 2 2 2 2 2 2 2 2 2 2 2 2 2 2 2 2 2 2 2 2 2 2 2 2 2 2
left_child=1 5 6 7 8 12 16 29 -3 13 14 -7 -1 -9 -11 -6 18 20 -2 -20 -18 -22 -23 24 -8 -5 -27 28 -17 -4
right_child=2 4 3 25 15 11 23 9 -10 10 -12 -13 -14 -15 -16 27 17 -19 19 -21 21 22 -24 -25 -26 26 -28 -29 -30 -31
leaf_value=0.10276697598576282 -0.039438903844253886 0.045514751675693112 -0.028654173254148371 -0.07140081570496809 0.025284963551521003 0.069718488133809875 -0.015615602918488345 -0.042971210523302467 0.031872676805718113 -0.068819630278034435 -0.070269840169924963 0.05492699897191114 0.080912918795692235 -0.025238003608062394 -0.041999020763537211 0.013896730173697981 0.0022536689771907189 0.0087630679656196513 0.018624424636830953 0.0013790534787270284 -0.03985770419913362 0.036552275435749175 -0.010655563640634573 -0.019905866228315163 -2.4304564891489091e-05 -0.084653161890887368 -0.14101722189836405 0.012377374413953793 0.044136961093928007 -0.035622637170460443
leaf_weight=119.17018814384937 15.499480888247488 599.66420263051987 781.83369612693787 201.6456146389246 458.12405796349049 620.69181950390339 420.86987113952637 555.31688997149467 1144.0018118172884 63.143538802862167 222.0604302957654 382.43544924259186 369.39929150044918 180.6306027173996 534.30497415363789 180.47865733504295 217.04235763847828 213.59808383136988 136.08841363340616 349.67089351266623 50.668301992118359 25.155321694910526 524.80438910424709 670.5126087218523 187.01105093210936 53.300337359309196 11.329510048031805 706.13044511526823 89.231693483889103 1672.0497345030308
leaf_count=1182 134 5502 6288 1503 4040 5910 3537 4386 10218 488 1668 3546 3546 1452 4191 1612 1860 1839 1165 2933 425 211 4402 5502 1572 387 73 6127 797 13362
internal_value=0 0.421778 -0.275359 -0.405285 0.284886 0.713387 -0.0777308 -0.381053 0.365643 -0.455245 -0.51726 0.640793 0.862435 -0.386188 -0.448337 0.186686 -0.0125656 -0.0419988 0.0479892 0.0621045 -0.0758617 -0.111419 -0.0849626 -0.15585 -0.10819 -0.770156 -0.945337 0.155625 0.239015 -0.334024
internal_weight=0 4669.33 7086.54 4275.62 3177.63 1491.7 2810.92 4009.34 1743.67 1555.46 819.509 1003.13 488.569 735.947 597.449 1433.96 1532.53 1031.27 501.259 485.759 817.67 600.628 549.96 1278.39 607.881 266.275 64.6298 975.841 269.71 2453.88
internal_count=99858 42480 57378 33798 28296 14184 23580 31835 15720 12185 6347 9456 4728 5838 4679 12576 12969 8737 4232 4098 6898 5038 4613 10611 5109 1963 460 8536 2409 19650
shrinkage=0.1


Tree=3
num_leaves=31
num_cat=0
split_feature=1 1 1 1 1 1 1 1 1 1 0 1 1 0 1 1 0 1 0 0 0 1 1 1 1 1 1 1 1 1
split_gain=1123.25 170.217 139.298 27.4236 25.0264 12.5826 11.3806 10.3929 8.35053 5.14519 4.88828 8.20651 3.53716 2.90801 3.01338 3.39951 2.50129 2.2727 3.55756 2.21066 3.65648 2.47997 2.47718 2.46155 8.33358 2.54411 2.4112 2.2859 3.52782 4.3985
threshold=0.30349151790142065 0.10331488028168681 0.48371839523315441 0.88180094957351696 0.21801400929689413 0.024445288814604286 0.39890351891517645 0.67939728498458873 0.14942944794893268 0.078409180045127883 24.500000000000004 0.83094432950019848 0.76830264925956737 29.500000000000004 0.68430745601654064 0.69980743527412426 24.500000000000004 0.70527815818786632 34.500000000000007 24.500000000000004 34.500000000000007 0.39588502049446112 0.30629044771194464 0.37199805676937109 0.3778712004423142 0.38968493044376379 0.38666571676731115 0.3281323909759522 0.33382870256900793 0.33685186505317694
decision_type=2 2 2 2 2 2 2 2 2 2 2 2 2 2 2 2 2 2 2 2 2 2 2 2 2 2 2 2 2 2
left_child=1 5 6 7 8 -1 19 -4 -3 -7 12 13 -9 -12 -15 -16 -6 18 -17 22 27 -22 -2 -24 -25 26 -26 -21 -29 -30
right_child=2 4 3 -5 16 9 -8 10 -10 -11 11 -13 -14 14 15 17 -18 -19 -20 20 21 -23 23 24 25 -27 -28 28 29 -31
leaf_value=0.094063686757881168 -0.034434121624517242 0.04333158197788739 -0.029325258156305503 -0.065672535845745214 0.02321143695910927 0.070733710501642538 -0.013860412418001953 -0.041246037882638975 0.029414689473053202 0.056206505154000941 -0.035822709718200556 -0.068041441251014176 -0.027513598587166933 -0.091745008651924753 -0.020747728760727641 -0.064551005884553148 0.014180313855412401 -0.048855492480761716 -0.18870758364868057 0.0020318345730542982 0.0062387200755444246 0.076610118077283657 0.010127862318194965 -0.051245615568888708 0.0096684748834188136 -0.009593635100085901 0.056062900643571313 -0.034803136353520378 0.033833069344918164 -0.0095124308184773212
leaf_weight=185.97142101824284 15.951208904385565 702.15021461248398 2512.20103764534 280.20237855613232 449.60903438925743 739.6948821246624 1292.7595879882574 344.92057028412819 1117.099742218852 363.66567251086235 455.21857096254826 129.18637722730637 411.15563708543777 15.52748256921768 42.956036955118179 10.909977376461027 964.68567567318678 192.40573993325233 2.9270671010017386 216.68536278605461 207.09931956976652 5.1319755017757407 345.5303051546216 31.085270337760448 44.186342127621174 47.759361706674099 15.006682232022284 52.14025117456913 24.49513141810894 528.85743309557438
leaf_count=1970 134 6684 19650 1963 4040 7486 10611 2618 10218 3546 3470 906 3220 109 321 82 8536 1437 22 1860 1795 44 2939 261 371 401 126 425 211 4402
internal_value=0 0.392792 -0.242685 -0.354013 0.270292 0.700013 -0.0694868 -0.333413 0.34786 0.659456 -0.396264 -0.448337 -0.337783 -0.406693 -0.490034 -0.463402 0.170513 -0.516706 -0.908149 -0.0112363 -0.0376172 0.0794037 0.0433933 0.0561833 -0.0566974 0.0757671 0.214304 -0.0678241 -0.0993673 -0.0759367
internal_weight=0 4522.88 7224.3 4397.61 3233.54 1289.33 2826.69 4117.41 1819.25 1103.36 1605.21 849.131 756.076 719.945 264.726 249.199 1414.29 206.243 13.837 1533.93 1034.41 212.231 499.519 483.568 138.038 106.952 59.193 822.178 605.493 553.353
internal_count=99858 42480 57378 33798 29478 13002 23580 31835 16902 11032 12185 6347 5838 5441 1971 1862 12576 1541 104 12969 8737 1839 4232 4098 1159 898 497 6898 5038 4613
shrinkage=0.1


Tree=4
num_leaves=31
num_cat=0
split_feature=1 1 1 1 1 1 1 1 1 0 1 1 1 0 1 1 0 0 1 1 1 1 1 1 1 0 1 1 1 0
split_gain=922.924 154.695 107.483 24.1105 20.4825 11.3603 9.83209 9.07784 7.22143 6.48965 5.58485 4.31047 3.3949 2.89387 2.67999 3.92641 2.50824 2.44312 4.87235 3.90342 2.9362 2.11516 4.13526 2.04008 2.47334 2.47173 2.23673 1.89812 3.09299 1.8783
threshold=0.30349151790142065 0.097837418317794814 0.48371839523315441 0.14942944794893268 0.87241804599761974 0.020628726109862331 0.24145304411649707 0.39890351891517645 0.67438378930091869 29.500000000000004 0.90432122349739086 0.88180094957351696 0.045239530503749854 29.500000000000004 0.23341007530689242 0.22067622095346454 29.500000000000004 24.500000000000004 0.80139055848121654 0.8636571764945985 0.83094432950019848 0.83094432950019848 0.80842730402946483 0.43951098620891577 0.42723102867603308 24.500000000000004 0.42088167369365698 0.21266695857048037 0.20472955703735354 29.500000000000004
decision_type=2 2 2 2 2 2 2 2 2 2 2 2 2 2 2 2 2 2 2 2 2 2 2 2 2 2 2 2 2 2
left_child=1 5 7 -3 8 -1 14 -2 -4 10 -6 -11 -7 -8 15 16 -5 20 -19 21 -10 22 29 24 26 -25 -9 28 -18 -20
right_child=2 3 4 6 9 12 13 23 17 11 -12 -13 -14 -15 -16 -17 27 18 19 -21 -22 -23 -24 25 -26 -27 -28 -29 -30 -31
leaf_value=0.095226558462662647 -0.0010017477746558845 0.04099608372324421 -0.025736238255963328 0.023324945876437766 -0.03807633419907705 0.073565913557637294 0.017208514505225734 -0.0085154269034046787 -0.033208923632264416 -0.206334968393175 -0.064047700425925017 -0.083957469422043726 0.060769926521422574 0.0061887490090738054 0.039734604208878664 0.012110667999523882 0.03415308397191396 -0.033523188812419745 -0.061329051274176011 -0.0091593403049851346 -0.017692525290466291 -0.065558453018080512 -0.033123696030211557 -0.0075877845334147891 0.0013574700247397692 -0.020326142476199741 -0.025865604140514604 0.052062031506160983 0.0062952666548002374 -0.11791708330113393
leaf_weight=136.58064186573029 1535.1559662520885 757.60562763363123 2512.2254789918661 724.46313412487507 157.58387331664562 292.31852677464485 628.78876861184835 334.37000839412212 607.46512812376022 4.2355843484401694 174.46810254454613 8.9811641275882703 713.21351538598537 383.73979532718658 126.65943082422018 214.42726993560791 318.65365013480186 664.37975431978703 20.464280247688293 20.631547003984451 152.5908043384552 96.248774975538254 77.721783697605133 228.04069995880127 188.8960400596261 458.78171816468239 95.531900323927402 46.803234547376633 45.552501663565636 8.2224107086658496
leaf_count=1576 12969 7472 19257 6771 1118 3152 5675 2751 4546 27 1158 53 7486 3364 1179 1965 2980 4912 150 141 1182 642 561 1840 1572 3662 786 434 426 51
internal_value=0 0.365113 -0.214479 0.253761 -0.31053 0.681655 0.206218 -0.0621496 -0.291105 -0.544575 -0.517223 -1.23176 0.644899 0.130321 0.258263 0.245213 0.26865 -0.342552 -0.378182 -0.505979 -0.300938 -0.548165 -0.451003 -0.123447 -0.0818017 -0.160967 -0.123709 0.331049 0.306688 -0.775488
internal_weight=0 4388.81 7346 3246.69 4505.22 1142.11 2489.09 2840.78 4159.95 345.269 332.052 13.2167 1005.53 1012.53 1476.56 1349.9 1135.47 1647.72 887.669 223.289 760.056 202.657 106.408 1305.62 618.798 686.822 429.902 411.009 364.206 28.6867
internal_count=99858 42480 57378 30266 33798 12214 22794 23580 31442 2356 2276 80 10638 9039 13755 12576 10611 12185 6457 1545 5728 1404 762 10611 5109 5502 3537 3840 3406 201
shrinkage=0.1


Tree=5
num_leaves=31
num_cat=0
split_feature=1 1 1 1 1 1 1 1 1 1 1 1 0 1 1 0 1 1 0 0 1 1 1 0 1 1 0 0 1 1
split_gain=758.643 140.131 83.4544 21.0009 15.4918 11.2546 8.36351 7.37742 5.92711 3.97175 3.69382 3.45004 3.42621 7.38149 2.6429 2.41354 2.33475 3.37494 2.08601 2.05162 3.281 6.12428 3.82408 3.33966 2.40432 2.34852 1.98052 1.93675 1.86087 2.33165
threshold=0.30349151790142065 0.097837418317794814 0.48371839523315441 0.14942944794893268 0.88180094957351696 0.020628726109862331 0.24145304411649707 0.36900331079959875 0.67939728498458873 0.68944609165191661 0.69468590617179882 0.078409180045127883 29.500000000000004 0.87241804599761974 0.43951098620891577 29.500000000000004 0.23341007530689242 0.21801400929689413 34.500000000000007 24.500000000000004 0.36301757395267492 0.35129049420356756 0.35400301218032842 29.500000000000004 0.30629044771194464 0.35691154003143316 34.500000000000007 24.500000000000004 0.53793478012084972 0.64272338151931774
decision_type=2 2 2 2 2 2 2 2 2 2 2 2 2 2 2 2 2 2 2 2 2 2 2 2 2 2 2 2 2 2
left_child=1 5 7 -3 8 -1 16 19 28 -10 -11 -7 -12 -14 18 -8 17 -5 -9 24 21 -21 -23 -24 -2 -25 -22 -16 -4 -30
right_child=2 3 4 6 -6 11 15 14 9 10 12 -13 13 -15 27 -17 -18 -19 -20 20 26 22 23 25 -26 -27 -28 -29 29 -31
leaf_value=0.093020632527649805 -0.030068378198886248 0.038154100152109613 -0.0188942045604907 0.024968598556139636 -0.04920801230099725 0.064912553769169989 0.015699479407158608 -0.0081034472325587359 -0.04869136867624136 -0.0035062050468602961 -0.02788144346945981 0.051364684374921359 -0.038173277313516975 -0.16371433662239476 -0.0067903195347082113 0.0055967872242926493 0.036917703967474388 0.012152289888556975 0.004943906884457683 0.00062586113437203814 0.028029705728861411 -0.052667089034774954 -0.033186981360557276 0.035747210464032488 0.0092029442106357408 -0.010722735866016631 -0.016908857272532836 -0.018019296409081283 -0.026631536167065026 -0.018089936148588108
leaf_weight=126.36555661261082 16.36314158141613 733.9111240580678 828.90529346466064 1070.7970965951681 302.49043692648411 698.07327631115913 620.74640933424234 952.82918293774128 111.05403357744217 54.339680567383766 1261.276538208127 257.23016037046909 256.2864523679018 4.7707063704729071 229.27110254764557 381.99097195267677 122.89467362314463 254.25228444486856 140.62270677089691 527.05840413272381 52.052579745650291 33.721079796552658 44.78942908346653 16.190849721431732 329.87023010849953 33.127463921904564 12.083776414394377 465.39154633879662 1363.7194045186043 417.39959807693958
leaf_count=1576 134 7472 6288 10218 1963 7880 5675 7849 786 394 9184 2758 1794 27 1840 3364 1179 2358 1190 4482 430 279 370 136 2826 278 104 3662 10218 3144
internal_value=0 0.338772 -0.190006 0.233148 -0.273341 0.649745 0.188708 -0.0556512 -0.257946 -0.304128 -0.291253 0.612646 -0.300398 -0.404675 -0.0948979 0.118509 0.237323 0.225094 -0.064255 0.0102273 -0.020226 -0.0413658 -0.237729 -0.134194 0.0734696 0.0453302 0.195629 -0.143132 -0.228083 -0.246298
internal_weight=0 4266.26 7453.61 3184.59 4600.24 1081.67 2450.68 2853.37 4297.75 1687.73 1576.67 955.303 1522.33 261.057 1788.11 1002.74 1447.94 1325.05 1093.45 1065.26 719.024 654.887 127.829 94.1077 346.233 49.3183 64.1364 694.663 2610.02 1781.12
internal_count=99858 42480 57378 30266 33798 12214 22794 23580 31835 12185 11399 10638 11005 1821 14541 9039 13755 12576 9039 9039 6079 5545 1063 784 2960 414 534 5502 19650 13362
shrinkage=0.1


Tree=6
num_leaves=31
num_cat=0
split_feature=1 1 1 1 1 1 1 1 1 1 0 1 1 0 1 1 1 1 1 0 1 1 1 1 0 1 1 1 0 1
split_gain=624.927 115.832 77.5182 15.4549 12.8261 11.109 6.86735 5.73186 4.62627 3.34024 2.54049 2.02506 2.89937 2.2179 2.01676 2.30104 2.02286 1.77278 2.70479 1.72583 2.41974 3.44174 1.68865 3.9651 3.32548 1.96276 3.56678 2.6532 1.74785 3.37502
threshold=0.28666757047176367 0.097837418317794814 0.45494055747985851 0.14942944794893268 0.88180094957351696 0.020628726109862331 0.57633778452873241 0.34540827572345739 0.24145304411649707 0.061774330213665969 24.500000000000004 0.23341007530689242 0.22067622095346454 29.500000000000004 0.26758120954036718 0.27286805212497717 0.27849577367305761 0.21266695857048037 0.20472955703735354 34.500000000000007 0.58408471941947948 0.5803571641445161 0.4485223144292832 0.43951098620891577 24.500000000000004 0.35400301218032842 0.35129049420356756 0.36900331079959875 24.500000000000004 0.36301757395267492
decision_type=2 2 2 2 2 2 2 2 2 2 2 2 2 2 2 2 2 2 2 2 2 2 2 2 2 2 2 2 2 2
left_child=1 5 7 -3 6 -1 -4 -2 11 -7 14 12 13 -5 -10 -16 -17 18 -15 -8 21 -21 23 25 -24 26 -9 28 -27 -30
right_child=2 3 4 8 -6 9 19 22 10 -11 -12 -13 -14 17 15 16 -18 -19 -20 20 -22 -23 24 -25 -26 27 -28 -29 29 -31
leaf_value=0.090828151317143585 0.0039894775810298492 0.035437870979639879 -0.017138122458348743 0.01931988685318789 -0.042905384676000573 0.064051747431985578 -0.024307685294048115 -0.00466379816360639 0.012828048347868626 0.051928263209888449 0.0080114823571348203 0.034233900239497343 0.0098854188295352044 0.029680543828841138 0.056960655137552212 0.00054338625761476609 0.035790164177546775 0.047556122585151198 0.0032827265973601515 -0.050448325017800937 -0.037371836877799249 0.058041448843852761 0.032806179175524378 -0.021927584822800134 -0.0059009976144178905 0.018427502019042183 -0.038097984425178671 -0.0057542494906368379 -0.011933008532746319 0.017880163244567853
leaf_weight=116.96069490909576 949.32737511396408 712.31395477801561 1824.7876149117947 698.56085386872292 311.70458726584911 461.9096914678812 2816.511694714427 93.608651898801327 134.64206389337778 447.3634272813797 502.92002326250076 119.46189608424902 210.54379722476006 304.60371807217598 26.373187772929668 26.479961812496185 42.282519668340683 44.283127844333649 44.483176589012146 5.3000386208295804 170.70255747437477 6.5231244564056396 33.179011791944504 150.43102869391441 67.051280856132507 76.039824776351452 48.408125065267086 1098.4933742210269 95.023585051298141 63.244169682264328
leaf_count=1576 8253 7472 13755 6771 1963 5516 20304 786 1261 5122 4529 1179 1965 2980 247 248 396 434 426 39 1226 48 265 1179 521 647 393 9039 784 534
internal_value=0 0.329882 -0.160557 0.226683 -0.232456 0.618185 -0.219752 -0.0225144 0.184468 0.58087 0.119916 0.21773 0.206301 0.227019 0.207031 0.318484 0.222169 0.287077 0.263167 -0.249184 -0.343417 0.094081 -0.0568508 -0.0646196 0.0691215 -0.0488447 -0.160602 -0.0369364 0.0596704 -0.000195945
internal_weight=0 3893.18 7810.34 2866.95 5135.53 1026.23 4823.83 2674.81 2154.63 909.273 732.698 1421.94 1302.47 1091.93 229.778 95.1357 68.7625 393.37 349.087 2999.04 182.526 11.8232 1725.48 1625.25 100.23 1474.82 142.017 1332.8 234.308 158.268
internal_count=99858 40122 59736 27908 37335 12214 35372 22401 20436 10638 6681 13755 12576 10611 2152 891 644 3840 3406 21617 1313 87 14148 13362 786 12183 1179 11004 1965 1318
shrinkage=0.1


Tree=7
num_leaves=31
num_cat=0
split_feature=1 1 1 1 1 1 1 1 1 1 0 1 1 1 0 1 1 1 1 1 1 1 0 1 1 1 1 0 0 1
split_gain=514.698 102.676 62.6848 13.0266 10.9183 10.144 5.6392 4.9728 3.75397 3.2776 2.83222 5.50556 2.10688 1.95328 2.9329 1.94607 1.82461 1.78643 3.48196 1.7064 2.61165 1.6267 1.61453 2.55868 2.10006 1.58807 1.52051 1.89576 1.48084 1.41225
threshold=0.2837927788496018 0.097837418317794814 0.45494055747985851 0.14662138372659686 0.020628726109862331 0.67939728498458873 0.90432122349739086 0.34540827572345739 0.24145304411649707 0.045239530503749854 24.500000000000004 0.83094432950019848 0.53793478012084972 0.64272338151931774 24.500000000000004 0.24408967792987826 0.76830264925956737 0.62437421083450328 0.62014895677566539 0.23341007530689242 0.21801400929689413 0.68944609165191661 34.500000000000007 0.34849961102008825 0.35400301218032842 0.35691154003143316 0.69468590617179882 29.500000000000004 34.500000000000007 0.081301238387823119
decision_type=2 2 2 2 2 2 2 2 2 2 2 2 2 2 2 2 2 2 2 2 2 2 2 2 2 2 2 2 2 2
left_child=1 4 7 -3 -1 12 10 -2 19 -6 16 21 -4 14 -14 -10 -7 18 -16 20 -5 28 -9 -24 -25 -26 -23 -28 -12 -11
right_child=2 3 5 8 9 6 -8 22 15 29 11 -13 13 -15 17 -17 -18 -19 -20 -21 -22 26 23 24 25 -27 27 -29 -30 -31
leaf_value=0.088633132154903968 0.0037970395096828947 0.033297808600665016 -0.013933730393079713 0.021199710078589364 0.064672830625889494 -0.02564274011148034 -0.042190345575945101 -0.006289402941766613 -0.0095711689734235255 0.054412758051483934 -0.033922990902023033 -0.043735719749953966 -0.027142166676116949 -0.01328559047915354 -0.017157223286294931 0.012449984922694968 -0.016531063177956419 -0.028027842274100129 0.015753908937491758 0.031684596114892431 0.0098363689544949118 -0.0016907850548805198 0.060587395710562056 -0.033432111447917988 0.052575193764398342 0.0019523574489109065 -0.020064088623827765 -0.031063572347441944 -0.08137891981338341 0.044247690432325758
leaf_weight=108.31885638833046 989.02686294168234 655.79421015828848 1305.978339150548 1069.4278523996472 248.04476173222065 375.69667047262192 195.3068695217371 1500.8672436922789 42.811749689280987 415.43958142399788 65.865081191062927 182.575882807374 499.56761898100376 429.88734248280525 736.83649133145809 640.83891312777996 529.5382985919714 139.27967438101768 33.613332495093346 116.33567329496145 249.43087000399828 31.971626400947571 7.3873129785060874 16.618729867041111 6.3938496112823477 201.19450015574694 437.42053343355656 244.14363360404968 7.3047111779451361 203.68675288558006
leaf_count=1576 8646 7079 9825 10611 3152 2618 1177 12216 393 5122 441 1133 3623 3144 5345 5895 3779 1007 243 1179 2358 228 66 134 56 1676 3073 1652 47 2364
internal_value=0 0.307927 -0.141629 0.209816 0.58699 -0.20583 -0.260197 -0.0186047 0.171696 0.549599 -0.243348 -0.280913 -0.170052 -0.191862 -0.209861 0.11071 -0.203127 -0.176055 -0.157214 0.200747 0.190506 -0.244606 -0.0509022 0.0268115 0.00773224 0.0351157 -0.230044 -0.240042 -0.386606 0.510685
internal_weight=0 3750.13 7936.47 2774.64 975.49 5214.99 2069.82 2721.49 2118.85 867.171 1874.52 969.281 3145.16 1839.18 1409.3 683.651 905.235 909.729 770.45 1435.19 1318.86 786.706 1732.46 231.594 224.207 207.588 713.536 681.564 73.1698 619.126
internal_count=99858 39729 60129 27515 12214 37335 14148 22794 20436 10638 12971 6574 23187 13362 10218 6288 6397 6595 5588 14148 12969 5441 14148 1932 1866 1732 4953 4725 488 7486
shrinkage=0.1


Tree=8
num_leaves=31
num_cat=0
split_feature=1 1 1 1 1 1 1 1 0 1 1 1 0 1 1 1 1 1 1 1 1 1 0 1 1 1 0 1 0 1
split_gain=423.806 91.8765 49.4971 11.2303 10.6773 8.01836 4.08368 4.01703 3.40963 3.09704 3.04551 2.88038 2.18747 2.6106 1.92091 1.69786 1.59344 1.50473 2.19365 2.70819 1.36199 3.12304 2.77754 1.51914 2.60519 2.08286 1.49653 2.80932 2.43692 1.77189
threshold=0.2837927788496018 0.097837418317794814 0.45494055747985851 0.14942944794893268 0.020628726109862331 0.87241804599761974 0.57633778452873241 0.34540827572345739 29.500000000000004 0.045239530503749854 0.24145304411649707 0.9182548224925996 24.500000000000004 0.93518447875976574 0.93518447875976574 0.88180094957351696 0.24408967792987826 0.23341007530689242 0.22842210531234744 0.23095164448022845 0.4485223144292832 0.43951098620891577 24.500000000000004 0.35400301218032842 0.35129049420356756 0.36900331079959875 24.500000000000004 0.36301757395267492 29.500000000000004 0.35691154003143316
decision_type=2 2 2 2 2 2 2 2 2 2 2 2 2 2 2 2 2 2 2 2 2 2 2 2 2 2 2 2 2 2
left_child=1 4 7 -3 -1 6 -4 -2 11 -6 17 -7 13 -13 -14 -10 -12 18 -5 -20 21 23 -22 24 -9 26 -25 28 -28 -30
right_child=2 3 5 10 9 8 -8 20 15 -11 16 12 14 -15 -16 -17 -18 -19 19 -21 22 -23 -24 25 -26 -27 27 -29 29 -31
leaf_value=0.086422039270413628 0.0034274352617659175 0.030407207694319472 -0.013490683126302179 0.018354585178537091 0.06160650504172252 -0.0237021862770707 -0.019435311612912141 -0.0038000561142114788 -0.12368978960571049 0.04804422559289373 -0.0085490297322704713 -0.051399329180104848 -0.039907017534924878 -0.019958270059790353 -0.095456520652142635 -0.054035057620250931 0.011316367258914948 0.029270498532626029 -0.016533524589713616 0.019601292039602741 0.030752691787704789 -0.018843559950399043 -0.0048035797253843182 0.017372163538514823 -0.032025558644223913 -0.00461403668452374 -0.026946108826349652 0.01672794802299557 0.032688097218858715 -0.0079663710037105942
leaf_weight=100.39186315238476 986.26548203825951 674.87549220770597 1866.2282389849424 1180.3748518154025 235.03899551928043 238.26100578904152 3034.7042811959982 94.162455148994923 5.3589422553777686 593.66280345618725 43.120130121707916 53.544424057006836 11.961151719093323 52.109724596142769 12.980922132730484 10.085201367735861 634.86053802073002 113.49179875105619 41.485910855233669 41.477734699845314 32.560342215001583 153.28665295243263 67.546214550733566 75.369612634181976 50.099013462662697 1107.1543136015534 46.458975523710251 62.64072759449482 15.711620569229124 33.748465895652771
leaf_count=1576 8646 7472 13755 11790 3152 1505 21224 786 27 7486 393 314 71 319 67 53 5895 1179 393 393 265 1179 521 647 393 9039 370 534 136 278
internal_value=0 0.284601 -0.12618 0.192151 0.55622 -0.182624 -0.171717 -0.0167044 -0.321719 0.518908 0.155392 -0.302446 -0.421805 -0.358923 -0.688174 -0.782045 0.100529 0.182407 0.172499 0.015321 -0.0456211 -0.0525387 0.0676134 -0.0385143 -0.136022 -0.0280253 0.0577108 0.00256638 -0.105001 0.0494803
internal_weight=0 3658.78 8010.24 2729.69 929.094 5285.23 4900.93 2725 384.301 828.702 2054.81 368.857 130.596 105.654 24.9421 15.4441 677.981 1376.83 1263.34 82.9636 1738.74 1638.63 100.107 1485.35 144.261 1341.08 233.929 158.56 95.9191 49.4601
internal_count=99858 39729 60129 27515 12214 37335 34979 22794 2356 10638 20043 2276 771 633 138 80 6288 13755 12576 786 14148 13362 786 12183 1179 11004 1965 1318 784 414
shrinkage=0.1


Tree=9
num_leaves=31
num_cat=0
split_feature=1 1 1 1 1 1 1 1 1 1 0 0 1 1 1 1 1 1 1 0 1 1 0 1 1 1 0 0 1 1
split_gain=348.766 82.818 38.2784 10.3863 9.92027 5.70532 4.42444 3.03725 2.83307 2.58263 2.15979 1.87192 1.7271 2.04388 1.79701 1.68114 3.00349 1.6108 2.44632 1.88164 3.68051 1.76772 1.92053 1.71567 1.64968 1.74476 2.13485 1.56605 1.53489 1.5054
threshold=0.28666757047176367 0.097837418317794814 0.48371839523315441 0.020628726109862331 0.14662138372659686 0.88180094957351696 0.36900331079959875 0.078409180045127883 0.24145304411649707 0.67438378930091869 24.500000000000004 29.500000000000004 0.26758120954036718 0.27286805212497717 0.27849577367305761 0.25158910453319555 0.2542791366577149 0.68944609165191661 0.69468590617179882 24.500000000000004 0.80139055848121654 0.68430745601654064 29.500000000000004 0.83094432950019848 0.80842730402946483 0.82377609610557567 29.500000000000004 24.500000000000004 0.26487460732460028 0.075718779116868987
decision_type=2 2 2 2 2 2 2 2 2 2 2 2 2 2 2 2 2 2 2 2 2 2 2 2 2 2 2 2 2 2
left_child=1 3 6 -1 -3 9 -2 11 -6 -4 12 27 15 -14 -15 -10 -17 21 -19 23 -21 -11 -23 -20 -22 26 -26 29 -18 -5
right_child=2 4 5 7 8 -7 -8 -9 10 17 -12 -13 13 14 -16 16 28 18 19 20 24 22 -24 -25 25 -27 -28 -29 -30 -31
leaf_value=0.08418364554647631 0.0016523775299066791 0.028501037108201871 -0.013997651439744754 0.056404238152524835 0.016767055858888626 -0.029549182339850179 -0.0059424544820651706 0.038872933601051832 0.023963320353994347 -0.020791311073943899 0.0053277659261283762 0.061119241665692707 0.05226269080085745 -0.0019000677582318897 0.031777346259001256 -0.042221718741147808 0.016854118801964909 0.0025540314815280015 -0.017835758023319128 -0.017396831689340281 -0.05287523121742127 -0.05266325076191164 -0.01175306666349085 -0.0071107204296440851 -1.4395607237584374e-05 -0.033537443615002722 -0.04128108255223676 0.041906888961941224 -0.021957753005634996 0.016096146525200826
leaf_weight=93.13166793435812 1320.0996103584766 623.24343343824148 2694.5878095477819 205.10107923299074 1392.8369639664888 332.23206834495068 1830.8923335447907 219.32386836409569 51.386454805731773 116.6622643917799 492.39229050278664 181.09195003658533 24.793052963912487 25.995551705360413 40.574535690248013 13.499515876173971 53.894221074879169 56.551740050315857 569.46406370401382 584.22494955360889 31.972166746854782 43.92857426404953 15.532633826136587 202.08402818441391 38.500305712223053 178.34884488582611 18.589179933071136 178.39441014826298 12.564934007823465 9.7038303315639478
leaf_count=1576 11397 7079 19257 2822 14148 1963 14541 2758 491 786 4529 2483 247 248 396 130 519 394 3922 3963 201 292 101 1452 260 1092 115 2445 121 130
internal_value=0 0.260383 -0.113532 0.525909 0.174173 -0.168984 -0.0276062 0.488835 0.141402 -0.159748 0.0902379 0.527066 0.171954 0.277542 0.186264 0.0985084 0.00781268 -0.188454 -0.178914 -0.186037 -0.218444 -0.279437 -0.419766 -0.150267 -0.315613 -0.28667 -0.134514 0.48832 0.0951625 0.545833
internal_weight=0 3617.93 8033.67 886.747 2731.18 4882.68 3150.99 793.615 2107.94 4550.45 715.101 574.291 222.708 91.3631 66.5701 131.345 79.9587 1855.86 1679.74 1623.18 851.635 176.123 59.4612 771.548 267.41 235.438 57.0895 393.199 66.4592 214.805
internal_count=99858 40122 59736 12214 27908 33798 25938 10638 20829 31835 6681 7880 2152 891 644 1261 770 12578 11399 11005 5631 1179 393 5374 1668 1467 375 5397 640 2952
shrinkage=0.1


Tree=10
num_leaves=31
num_cat=0
split_feature=1 1 1 1 1 1 1 1 0 1 1 1 0 1 1 1 0 1 1 1 1 1 1 1 0 1 1 0 1 1
split_gain=287.158 61.1229 44.41 8.77905 8.06182 5.91226 5.19788 2.79645 2.27191 2.20104 2.05413 2.70541 1.8428 1.73787 5.4114 1.65482 1.59886 6.28221 1.59112 2.13267 2.15496 1.68942 2.657 1.53025 2.39617 4.88219 3.89268 2.10721 2.04027 1.59947
threshold=0.24921245872974399 0.086734827607870116 0.43951098620891577 0.016984088346362117 0.13291902840137484 0.67438378930091869 0.32239297032356268 0.90432122349739086 34.500000000000007 0.045239530503749854 0.34849961102008825 0.3281323909759522 34.500000000000007 0.3778712004423142 0.38056269288063055 0.37498031556606298 29.500000000000004 0.87241804599761974 0.38376513123512274 0.40516562759876257 0.39588502049446112 0.43637980520725256 0.43347074091434484 0.52710729837417614 24.500000000000004 0.53066962957382213 0.64272338151931774 24.500000000000004 0.52376058697700512 0.53793478012084972
decision_type=2 2 2 2 2 2 2 2 2 2 2 2 2 2 2 2 2 2 2 2 2 2 2 2 2 2 2 2 2 2
left_child=1 3 6 -1 -3 23 -2 16 -8 -5 11 -10 -11 15 -15 -12 -7 -18 -16 20 -20 22 -21 27 25 -25 -27 -4 -29 -26
right_child=2 4 5 9 -6 7 8 -9 10 12 13 -13 -14 14 18 -17 17 -19 19 21 -22 -23 -24 24 29 26 -28 28 -30 -31
leaf_value=0.087565227722229411 0.0061389711449234439 0.029340631356543381 -0.0036323351223855986 0.05669502262099485 0.015481037538310255 -0.015730154257065442 -0.0037626659090661922 -0.029233974808932268 -0.017042190342029164 0.042286715744070995 -0.0071558341078898679 0.034984611201059841 0.063006682710196521 0.099519156486390481 -0.045628671637551854 -0.067516042545130467 -0.020592464823166377 -0.092947300706414951 0.0060621503439090918 -0.0037058372920736162 0.051363399798304746 0.042519148484954715 -0.078920837387459031 -0.072361224245325345 0.00079380822195895123 -0.020561277266060871 -0.002477302270904301 -0.012649501236992631 0.012480644685934749 -0.011822136837373362
leaf_weight=64.553959384560585 1156.1267932578921 560.30255435407162 477.25469921529293 235.15676964819431 1672.4005283936858 1653.7437563985586 1615.1832651048899 207.37393689155579 12.925748907029627 377.5609695315361 60.050751380622387 44.080307580530643 48.429765835404396 6.2005750387907019 6.2005750387907019 4.9136632382869712 342.13597092032433 12.436067909002302 27.376123756170273 55.765921965241432 17.03479927778244 6.7982666641473761 5.1285169571638098 16.11491984128952 109.88708271086216 557.0096987336874 151.38088351488113 922.05920241773129 33.480135187506676 1175.5094243437052
leaf_count=1182 10611 6690 3574 3546 17292 11102 13217 1177 117 5234 506 401 676 53 53 42 2201 61 234 460 144 57 43 116 791 3895 1076 6796 241 8270
internal_value=0 0.271539 -0.0892412 0.52366 0.189591 -0.14149 0.00872542 -0.181782 -0.0239801 0.489292 0.0654472 0.231879 0.446423 0.0153725 0.084553 -0.117213 -0.170366 -0.231302 0.0368245 0.064099 0.234385 -0.0476196 -0.100404 -0.115558 -0.133358 -0.179349 -0.166968 -0.0905872 -0.11769 -0.107436
internal_weight=0 2958.4 8676.17 725.701 2232.7 5658.39 3017.79 2215.69 1861.66 661.148 246.475 57.0061 425.991 189.469 124.505 64.9644 2008.32 354.572 118.304 112.104 44.4109 67.6927 60.8944 3442.7 2009.9 724.506 708.391 1432.79 955.539 1285.4
internal_count=99858 34620 65238 10638 23982 39300 25938 14541 15327 9456 2110 518 5910 1592 1044 548 13364 2262 991 938 378 560 503 24759 14148 5087 4971 10611 7037 9061
shrinkage=0.1


Tree=11
num_leaves=31
num_cat=0
split_feature=1 1 1 1 1 1 1 0 1 0 1 1 1 1 1 1 0 1 1 0 1 1 0 1 1 0 1 1 1 1
split_gain=237.333 51.6772 37.9939 8.52755 6.30256 4.82745 4.66666 3.58748 2.55009 2.34731 5.84133 4.55637 2.22572 2.15556 2.05325 1.92634 1.70897 1.30017 1.2107 1.88222 3.65984 3.06735 1.67664 1.63945 1.27618 4.48418 1.38375 4.17068 1.37349 1.54586
threshold=0.24145304411649707 0.086734827607870116 0.43951098620891577 0.016984088346362117 0.13012342154979709 0.33101660013198858 0.67438378930091869 29.500000000000004 0.31408727169036871 34.500000000000007 0.33382870256900793 0.33382870256900793 0.9182548224925996 0.30892534554004675 0.045239530503749854 0.33685186505317694 34.500000000000007 0.34243834018707281 0.52710729837417614 24.500000000000004 0.53066962957382213 0.64272338151931774 24.500000000000004 0.52376058697700512 0.53793478012084972 34.500000000000007 0.53416958451271068 0.53066962957382213 0.53066962957382213 0.53416958451271068
decision_type=2 2 2 2 2 2 2 2 2 2 2 2 2 2 2 2 2 2 2 2 2 2 2 2 2 2 2 2 2 2
left_child=1 3 5 -1 -3 7 18 -2 13 10 -7 -11 -8 -9 -5 -12 -16 -13 22 20 -20 -22 -4 -24 25 26 27 -21 -27 -30
right_child=2 4 6 14 -6 9 12 8 -10 11 15 17 -14 -15 16 -17 -18 -19 19 24 21 -23 23 -25 -26 28 -28 -29 29 -31
leaf_value=0.085544863614630984 0.009350663366097977 0.027502899483319916 -0.0032605716694694437 0.05371870438985285 0.014731839095716754 -0.041701222600427024 -0.015354491929620816 0.00035903526020035709 -0.015278293579558962 0.085820981316822628 0.019456474319219322 0.029501982817353684 -0.028352936050202383 0.027759011735907918 0.039522155633144686 -0.0034661718404515687 0.059995946560078672 0.0021009878741277735 -0.06193695144437477 0.0079584086688442093 -0.018245365835539217 -0.0022257200155088273 -0.011282494458654016 0.011331890919759452 -0.010553280406166597 0.0091895384537453908 0.0089306560223409402 -0.044628420714792116 0.10242509899321317 0.031802126339685516
leaf_weight=59.720856405794621 877.76463530212641 513.58653941005468 478.43695556372404 223.96192716062069 1560.6828928738832 39.806063376367092 2099.7221039384604 403.97253628820181 101.76568881422281 7.1023988127708426 37.632125459611416 18.939730167388916 140.54871866106987 30.908470146358013 364.28757360577583 1420.6533956006169 45.907469063997269 202.08664411306381 16.898756742477417 31.240848451852798 564.51794302463531 151.62892407178879 929.95695140957832 33.202044993638992 1184.6487277746201 7.2201071977615383 29.713518083095551 29.158125221729279 5.6927768290042859 6.8035625517368317
leaf_count=1182 8159 6297 3574 3546 16506 327 13757 3658 881 66 330 176 784 271 5234 11536 676 1713 116 225 3895 1076 6796 241 8270 52 214 210 41 49
internal_value=0 0.257964 -0.0775272 0.4942 0.178939 0.0108156 -0.126123 0.0541279 -0.0102819 -0.0246731 -0.039063 0.0698235 -0.1617 0.0230644 0.46018 -0.0287464 0.418135 0.0444898 -0.103148 -0.118901 -0.159389 -0.148535 -0.0809934 -0.105029 -0.0959725 0.00714821 -0.0873677 -0.174283 0.439126 0.639748
internal_weight=0 2768.15 8850.02 693.878 2074.27 3140.63 5709.39 1414.41 536.647 1726.22 1498.09 228.129 2240.27 434.881 634.157 1458.29 410.195 221.026 3469.12 2027.52 733.046 716.147 1441.6 963.159 1294.48 109.829 90.1125 60.399 19.7164 12.4963
internal_count=99858 33441 66417 10638 22803 27117 39300 12969 4810 14148 12193 1955 14541 3929 9456 11866 5910 1889 24759 14148 5087 4971 10611 7037 9061 791 649 435 142 90
shrinkage=0.1


Tree=12
num_leaves=31
num_cat=0
split_feature=1 1 1 1 1 1 1 0 0 0 1 1 1 1 1 1 1 0 1 1 0 1 1 0 1 0 1 1 1 1
split_gain=195.683 45.7049 30.4427 8.23464 5.47361 4.63993 3.39573 4.23555 2.93615 2.28822 4.42045 4.01382 2.04286 1.98966 1.90198 1.78985 1.66028 1.57539 1.30952 2.08933 1.41929 1.56923 2.43965 1.52593 1.33896 3.66362 2.38605 2.35637 2.17552 1.52444
threshold=0.24145304411649707 0.086734827607870116 0.45494055747985851 0.016984088346362117 0.14662138372659686 0.33101660013198858 0.80139055848121654 24.500000000000004 29.500000000000004 34.500000000000007 0.33382870256900793 0.33382870256900793 0.31408727169036871 0.90432122349739086 0.045239530503749854 0.30892534554004675 0.33685186505317694 34.500000000000007 0.23341007530689242 0.21801400929689413 29.500000000000004 0.21266695857048037 0.20472955703735354 34.500000000000007 0.18328213691711429 24.500000000000004 0.15719159692525866 0.17276488989591601 0.1522493585944176 0.16227126121520999
decision_type=2 2 2 2 2 2 2 2 2 2 2 2 2 2 2 2 2 2 2 2 2 2 2 2 2 2 2 2 2 2
left_child=1 3 5 -1 -3 8 -4 13 -2 10 -7 -11 15 -8 -5 -10 -12 -16 19 20 24 22 -22 -24 25 29 28 -28 -27 -6
right_child=2 4 6 14 18 9 7 -9 12 11 16 -13 -14 -15 17 -17 -18 -19 -20 -21 21 -23 23 -25 -26 26 27 -29 -30 -31
leaf_value=0.083479176052694559 0.008478515465059849 0.023505459466947969 -0.010401858716157336 0.050781627958444847 0.027383655861828466 -0.036374360368067273 -0.0080277378419790039 -0.025474374706214182 0.00032322573582677864 0.082763703611637846 0.017778729455225351 0.0040848182145484958 -0.01358922550892281 -0.020883927731966203 0.036856107864214546 0.025530889273893239 -0.0036143494807816916 0.057005644127674109 0.02323064901746958 0.0032389965921423474 0.020146327006586973 0.042343586159044537 -0.020284759459621146 0.019570945084927613 0.015592154200815462 -0.0019134826965778633 0.015185027403659701 -0.013930540741981551 -0.045474620351445852 0.008319183367109113
leaf_weight=55.307457715272903 871.59138548374176 702.19620496034622 4546.0740750581026 213.76650450751185 74.734018042683601 41.00346551835537 418.16818177700043 362.5908277630806 403.86418864130974 6.6518101394176474 37.094511315226555 256.98874072730541 102.90892753750086 169.04282233119011 352.22474893182516 30.279565706849098 1646.7217036858201 43.606003768742085 106.84586769342422 236.48832175880671 288.68208090960979 26.131904125213623 26.401692129671574 15.10059881955385 311.55610500276089 22.981353707611561 68.253759749233723 46.894794598221779 22.877824895083904 95.593235142529011
leaf_count=1182 8159 8655 31442 3546 799 327 2821 2128 3658 66 330 2163 881 944 5234 271 13227 676 1179 2358 3101 288 271 155 3282 254 719 494 241 1007
internal_value=0 0.237574 -0.0693808 0.465328 0.163514 0.00503789 -0.11538 -0.169762 0.0489474 -0.0260681 -0.0393305 0.0606993 -0.00921416 -0.117287 0.431807 0.0208135 -0.0314306 0.390758 0.126096 0.116912 0.136916 0.187541 0.168871 -0.0578327 0.108858 0.0646047 -0.0435488 0.0332757 -0.236449 0.16684
internal_weight=0 2709.64 8892.98 664.905 2044.74 3397.1 5495.88 949.802 1408.64 1988.46 1724.82 263.641 537.053 587.211 609.597 434.144 1683.82 395.831 1342.54 1235.7 999.207 356.316 330.184 41.5023 642.891 331.335 161.008 115.149 45.8592 170.327
internal_count=99858 33441 66417 10638 22803 29082 37335 5893 12969 16113 13884 2229 4810 3765 9456 3929 13557 5910 14148 12969 10611 3815 3527 426 6796 3514 1708 1213 495 1806
shrinkage=0.1


Tree=13
num_leaves=31
num_cat=0
split_feature=1 1 1 1 1 1 1 0 0 1 1 1 1 1 0 1 1 0 1 1 1 1 1 0 0 1 0 1 0 1
split_gain=161.223 40.1905 24.4941 7.90333 4.75787 3.38842 3.1892 1.87591 1.97596 1.44668 1.35608 1.33123 1.13086 1.95585 1.56527 4.06635 1.31319 1.4575 1.1298 2.58058 1.78769 1.76304 2.31405 1.12211 1.09261 1.02485 2.83947 1.19885 1.20674 1.00525
threshold=0.24145304411649707 0.086734827607870116 0.43951098620891577 0.016984088346362117 0.13012342154979709 0.30349151790142065 0.67438378930091869 29.500000000000004 24.500000000000004 0.9182548224925996 0.24408967792987826 0.053501000627875328 0.68944609165191661 0.69468590617179882 29.500000000000004 0.87241804599761974 0.68430745601654064 29.500000000000004 0.82377609610557567 0.84697419404983532 0.8636571764945985 0.80139055848121654 0.7621264159679414 34.500000000000007 34.500000000000007 0.12467686831951143 24.500000000000004 0.11143270507454875 34.500000000000007 0.075718779116868987
decision_type=2 2 2 2 2 2 2 2 2 2 2 2 2 2 2 2 2 2 2 2 2 2 2 2 2 2 2 2 2 2
left_child=1 3 5 -1 25 10 -4 8 29 12 -2 -9 16 -14 -15 18 -8 -18 21 -20 -21 22 -16 -19 -7 27 -27 28 -3 -5
right_child=2 4 6 7 -6 24 9 11 -10 -11 -12 -13 13 14 15 -17 17 23 19 20 -22 -23 -24 -25 -26 26 -28 -29 -30 -31
leaf_value=0.081361199754315855 -0.011656200608910242 0.023309695755959422 -0.0081766437284394641 0.046076811252683272 0.012169333503273367 -0.0021425997394925208 -0.013749157692573694 0.058051669662977125 0.029068893381949686 -0.022671274524459363 0.0066817746837936204 0.04096424278088269 0.0064639578467780012 -0.010918273598624316 -0.021237550540184152 -0.070741353955242711 -0.040544072746663037 0.009376057341938443 0.023564396772334906 -0.05793279845967772 0.02410565957321139 -0.041363670987317191 0.0022089498851159736 -0.052083482318975395 0.0044731747929613519 0.0078731842904866695 0.051694639861307859 0.014802694193515939 0.043930019307369936 0.027531676323579224
leaf_weight=51.281350672245026 42.188802018761635 238.88472646474838 3515.3040317445993 182.20437030866742 1525.5496216714382 1892.9266698509455 121.38963483273983 84.255799870938063 186.63652697578073 144.24748501181602 913.12455335259438 99.358707565814257 58.044033065438271 1591.3042730093002 169.56197008490562 14.338936954736708 46.554210126399994 12.163393691182138 20.140752285718918 9.0474849939346296 3.7600613236427298 29.62759105861187 55.994306698441505 3.93068504333496 287.55723077058792 23.574362181127071 39.666076980531216 158.10109790414572 32.207077011466026 34.813966393470764
leaf_count=1182 393 3125 24759 2996 16506 15579 786 1435 2961 784 8646 1554 394 10323 1075 67 292 77 119 51 21 166 362 24 2499 293 493 1965 421 510
internal_value=0 0.21847 -0.0621373 0.437128 0.149281 0.00905684 -0.100659 0.404253 0.366135 -0.129787 0.0587193 0.488052 -0.123241 -0.116175 -0.121717 -0.187659 -0.198176 -0.315759 -0.161794 0.0124733 -0.338478 -0.184294 -0.15417 -0.0563431 -0.0127013 0.234745 0.353592 0.217234 0.257595 0.431018
internal_weight=0 2656.53 8931.21 638.551 2017.98 3135.8 5795.41 587.269 403.655 2280.1 955.313 183.615 2135.86 1951.82 1893.78 302.471 184.038 62.6483 288.132 32.9483 12.8075 255.184 225.556 16.0941 2180.48 492.433 63.2404 429.193 271.092 217.018
internal_count=99858 33441 66417 10638 22803 27117 39300 9456 6467 14541 9039 2989 13757 12578 12184 1861 1179 393 1794 191 72 1603 1437 101 18078 6297 786 5511 3546 3506
shrinkage=0.1


Tree=14
num_leaves=31
num_cat=0
split_feature=1 1 1 1 1 1 1 1 0 0 0 1 0 1 0 1 1 1 1 1 0 1 1 0 1 1 0 1 1 1
split_gain=133.329 30.5458 23.864 7.5374 4.07618 3.0649 2.58905 1.72573 1.70818 1.7711 1.39374 2.03936 1.44489 2.05599 1.3103 4.58215 1.87963 2.08213 1.65369 1.42585 1.24751 3.13794 1.24014 1.13577 2.66759 2.04684 2.73487 2.15622 1.81942 1.17852
threshold=0.21801400929689413 0.086734827607870116 0.39890351891517645 0.016984088346362117 0.53793478012084972 0.13012342154979709 0.30349151790142065 0.88180094957351696 29.500000000000004 24.500000000000004 24.500000000000004 0.30629044771194464 34.500000000000007 0.39588502049446112 34.500000000000007 0.53066962957382213 0.40516562759876257 0.50965869426727306 0.50616207718849193 0.53416958451271068 34.500000000000007 0.54147285223007213 0.053501000627875328 24.500000000000004 0.29494965076446539 0.2837927788496018 34.500000000000007 0.28666757047176367 0.29207716882228857 0.2893290668725968
decision_type=2 2 2 2 2 2 2 2 2 2 2 2 2 2 2 2 2 2 2 2 2 2 2 2 2 2 2 2 2 2
left_child=1 3 6 -1 14 -3 23 20 9 -5 11 -8 -12 -14 -4 16 -16 18 -18 -17 -6 -22 -10 29 25 -25 28 -28 -27 -2
right_child=2 5 4 8 7 -7 10 -9 22 -11 12 -13 13 -15 15 19 17 -19 -20 -21 21 -23 -24 24 -26 26 27 -29 -30 -31
leaf_value=0.079185650618204276 0.012700405959724693 0.021570924657002801 -0.0059638760030678011 0.040358375635257807 -0.0091899325125649953 0.012105990319021162 -0.030631168471115307 -0.016987456652778146 0.055129952169902463 0.02686603826083922 -0.0041310820446312183 0.0053234024255706834 0.0036802774358549208 0.070829595735535669 0.037996346104411376 0.099789392076899588 -0.0055676114955893136 0.016521184406241698 -0.058167279158086352 0.030756329351363573 0.049840960379685592 -0.018103475875620705 0.038271823946940467 0.0041317868089011589 0.020458853145468581 0.0053254086752895285 -0.097836529767353977 -0.024615492586388215 -0.027735459239353485 -0.0018565800320251569
leaf_weight=47.611844323575497 334.8078993037343 482.9377238675952 1978.3362394347787 209.03311619907618 3580.2300066500902 1173.339035756886 16.309078425168991 352.7734958678484 80.07090549916029 181.99749071896076 836.99681840837002 482.28082495927811 202.92407155781984 4.6645228266715995 11.613776534795759 5.3780838251113874 220.30355904996395 45.160738915205002 6.1437679231166831 6.7436736226081848 6.9817035198211661 257.34934429824352 95.899737995117903 684.75840952992439 87.406893245875835 69.937727838754654 5.1819385662674931 17.964118614792824 21.845105402171612 66.694083474576473
leaf_count=1182 3407 6297 14682 3506 23791 12969 134 1963 1435 2961 6898 4098 1795 44 100 41 1665 319 43 49 48 1708 1554 6676 800 650 47 162 201 633
internal_value=0 0.219308 -0.0509591 0.409697 -0.084464 0.148658 0.0256044 -0.102936 0.377607 0.340786 -0.00202628 0.0414731 -0.0227889 0.0518912 -0.0503633 0.0117675 -0.0140011 -0.0308467 -0.069947 0.613844 -0.0967939 -0.163089 0.459427 0.0586939 0.0387209 0.0205913 -0.1029 -0.410082 -0.0254336 0.102823
internal_weight=0 2270.89 9302.79 614.613 6471.01 1656.28 2831.77 4197.33 567.001 391.031 1543.18 498.59 1044.59 207.589 2273.68 295.344 283.222 271.608 226.447 12.1218 3844.56 264.331 175.971 1288.6 887.094 799.687 114.929 23.1461 91.7828 401.502
internal_count=99858 29904 69954 10638 44409 19266 25545 27510 9456 6467 12969 4232 8737 1839 16899 2217 2127 2027 1708 90 25547 1756 2989 12576 8536 7736 1060 209 851 4040
shrinkage=0.1


Tree=15
num_leaves=31
num_cat=0
split_feature=1 1 1 1 1 1 1 0 1 0 1 1 1 1 1 0 1 1 0 1 1 1 1 1 1 1 0 1 0 0
split_gain=109.824 26.8162 19.3388 6.76165 3.19404 3.17322 2.21235 1.95192 1.45995 1.44919 2.29865 1.39263 1.28586 1.60927 1.2814 1.64781 1.00621 2.0724 1.02013 2.07878 0.942438 1.40399 1.60303 0.936243 2.31543 2.01697 1.22382 1.11972 1.04079 1.02355
threshold=0.21801400929689413 0.081301238387823119 0.43951098620891577 0.016984088346362117 0.30349151790142065 0.13012342154979709 0.71597900986671459 29.500000000000004 0.70527815818786632 24.500000000000004 0.83094432950019848 0.67939728498458873 0.075718779116868987 0.053501000627875328 0.075718779116868987 24.500000000000004 0.68944609165191661 0.69468590617179882 34.500000000000007 0.69980743527412426 0.7509371042251588 0.8636571764945985 0.83793222904205333 0.23095164448022845 0.22842210531234744 0.24145304411649707 24.500000000000004 0.24408967792987826 29.500000000000004 34.500000000000007
decision_type=2 2 2 2 2 2 2 2 2 2 2 2 2 2 2 2 2 2 2 2 2 2 2 2 2 2 2 2 2 2
left_child=1 3 4 -1 23 -3 8 14 11 20 -11 -4 13 -9 15 -5 -13 -18 -19 -20 -8 22 -22 24 -2 29 -26 -27 -28 -25
right_child=2 5 6 7 -6 -7 9 12 -10 10 -12 16 -14 -15 -16 -17 17 18 19 -21 21 -23 -24 25 26 27 28 -29 -30 -31
leaf_value=0.076948928883063206 0.0044700506585042725 0.020370466442974793 -0.0065501775106091599 0.040714993081974793 -0.00097454032722752424 0.011007225209466842 -0.015395391206963694 0.052233309485392655 0.0039837162546739902 -0.010629865044079138 -0.022086636490937464 -0.02030867052344831 0.073467397978400628 0.030373046924299169 0.013633506328315349 0.026117605379566724 0.0068100362073006682 -0.013719814486939211 -0.00033549623976793957 -0.10320275525688608 -0.0064915303988934752 -0.01183591243390842 0.0076550199921780002 0.021202387651705411 0.0041530669053376204 -0.011108250226223977 -0.055565641104016045 0.0055285631602112924 -0.016696124485393527 -0.0022460989067933589
leaf_weight=44.270066276192665 153.85658613592386 525.69087869673967 3610.5726605281234 168.94121317565441 2184.9304573908448 1162.0399554073811 158.78899490833282 76.262558776885271 122.51349106431007 595.0701145529747 248.15592519938946 128.46607159078121 14.954330828040836 60.304978474974632 34.169230978935957 142.6110255792737 58.17834684252739 114.84954997897148 3.9919570088386527 3.8680391907691956 372.61665585637093 344.64802877604961 102.03656673431396 119.98349630832672 11.979319453239439 42.348397739231586 12.454642906785013 904.71375522017479 15.415172778069971 22.034463465213776
leaf_count=1182 1572 7085 25152 2996 18078 12969 1023 1435 786 3798 1366 786 248 1032 540 2417 394 739 25 22 2480 2025 704 1328 120 393 122 8646 151 244
internal_value=0 0.201363 -0.0456888 0.39499 0.0135091 0.139237 -0.0806973 0.361648 -0.0676593 -0.109635 -0.140015 -0.071019 0.456287 0.425803 0.320169 0.340331 -0.135412 -0.0873497 -0.161051 -0.509582 -0.0834443 -0.0697788 -0.0345044 0.0531177 -0.0109406 0.0645113 -0.22577 0.0478464 -0.340664 0.175643
internal_weight=0 2229.24 9331.47 541.513 3467.72 1687.73 5863.76 497.243 4042.44 1821.32 843.226 3919.93 151.522 136.568 345.721 311.552 309.354 180.888 122.71 7.86 978.09 819.301 474.653 1282.79 193.706 1089.08 39.8491 947.062 27.8698 142.018
internal_count=99858 29904 69954 9850 30654 20054 39300 8668 27904 11396 5164 27118 2715 2467 5953 5413 1966 1180 786 47 6232 5209 3184 12576 1965 10611 393 9039 273 1572
shrinkage=0.1


Tree=16
num_leaves=31
num_cat=0
split_feature=1 1 1 1 1 1 0 1 0 1 1 1 1 1 1 1 1 1 1 1 1 1 0 0 1 1 1 1 1 1
split_gain=90.3685 23.3629 15.6723 6.20734 2.94476 2.89259 1.96246 1.68054 1.3347 1.66325 1.46858 1.26628 1.55286 1.80969 1.60828 1.33959 1.3755 1.31204 2.45904 1.29498 1.17641 1.1675 5.821 10.0777 2.41689 1.12651 5.42779 2.13864 2.03386 2.03001
threshold=0.21801400929689413 0.078409180045127883 0.39890351891517645 0.016984088346362117 0.13012342154979709 0.51687538623809826 24.500000000000004 0.31697481870651251 29.500000000000004 0.075718779116868987 0.053501000627875328 0.2893290668725968 0.26758120954036718 0.27286805212497717 0.27849577367305761 0.30892534554004675 0.33101660013198858 0.25158910453319555 0.2542791366577149 0.26487460732460028 0.90432122349739086 0.50965869426727306 29.500000000000004 34.500000000000007 0.51343756914138805 0.3778712004423142 0.37199805676937109 0.35400301218032842 0.38968493044376379 0.38666571676731115
decision_type=2 2 2 2 2 2 2 2 2 2 2 2 2 2 2 2 2 2 2 2 2 2 2 2 2 2 2 2 2 2
left_child=1 3 6 -1 -3 21 11 -8 -5 10 -10 12 17 -14 -15 -13 -17 -2 -19 -20 -7 -4 -23 24 -24 26 27 -18 29 -27
right_child=2 4 5 8 -6 20 7 -9 9 -11 -12 15 13 14 -16 16 25 18 19 -21 -22 22 23 -25 -26 28 -28 -29 -30 -31
leaf_value=0.074649185644970334 0.011766083444674919 0.018942826003427189 -0.0041695025576598257 0.030582337522428279 0.0099991554281215964 -0.0078003568038227424 0.0030959034667789112 -0.0028215240316020649 0.049371115410078825 0.09115411428089859 0.028114846403329976 -0.0075781868261082207 0.046045374625485823 -0.006753488632025649 0.024172611693400556 0.014822724526495454 -0.0042729062516102343 -0.043104790067586753 0.010987401300085521 -0.025136244763524225 -0.015275433061720137 0.022914974196651137 -0.036634362903997762 0.03741098400866813 -0.10100582359604804 0.012491128635487476 -0.039140619793474184 0.016194895158055288 -0.004350521741541602 0.055124874789855088
leaf_weight=41.228958293795586 153.7246678173542 541.08426150679588 1839.8529599383473 319.21293634176254 1151.8345971852541 4361.2256876602769 1028.3463616222143 899.94633695483208 72.799771066755056 6.646363988518714 58.719787888228893 96.854578278958797 22.904137164354324 25.075635731220245 51.047876663506031 115.30658620595932 120.53985987603664 13.430914580821989 51.229825168848038 12.308018766343592 221.21618407964706 73.448013201355934 12.676425099372864 15.614147186279295 10.803771391510963 45.172947391867638 33.181276604533195 88.553058162331581 49.50175741314888 14.836507067084311
leaf_count=1182 1619 7479 13755 5686 12969 28691 9838 7435 1435 121 1032 892 247 248 523 1040 1014 130 519 121 1177 513 88 110 75 371 261 760 401 126
internal_value=0 0.184611 -0.0409849 0.374862 0.128577 -0.0678793 0.0212946 0.00334203 0.341363 0.423473 0.398808 0.0600313 0.10926 0.214005 0.139853 0.0312486 0.0534421 0.0642977 -0.042281 0.0398983 -0.0816121 -0.035647 0.0632263 -0.2485 -0.662531 0.0223739 -0.0156717 0.0439542 0.106543 0.230317
internal_weight=0 2191.53 9356.8 498.608 1692.92 6534.84 2821.96 1928.29 457.379 138.166 131.52 893.668 329.721 99.0276 76.1235 563.947 467.092 230.693 76.9688 63.5378 4582.44 1952.4 112.542 39.0943 23.4802 351.785 242.274 209.093 109.511 60.0095
internal_count=99858 29904 69954 9456 20448 44409 25545 17273 8274 2588 2467 8272 3407 1018 771 4865 3973 2389 770 640 29868 14541 786 273 163 2933 2035 1774 898 497
shrinkage=0.1


Tree=17
num_leaves=31
num_cat=0
split_feature=1 1 1 1 1 1 1 1 1 1 1 1 0 1 0 0 1 0 0 1 1 0 1 1 1 0 0 1 1 1
split_gain=74.5403 21.8965 11.1934 4.03923 3.72797 2.95242 1.75461 1.09977 1.95565 1.61951 1.03415 0.969167 0.922625 1.40738 1.40164 0.899286 2.26214 1.9248 1.7777 1.45702 1.32918 0.915495 0.901428 0.884835 0.862813 4.70629 7.86995 1.70007 0.900204 1.13443
threshold=0.14942944794893268 0.34540827572345739 0.045239530503749854 0.51687538623809826 0.016984088346362117 0.097837418317794814 0.24921245872974399 0.35400301218032842 0.35129049420356756 0.36900331079959875 0.24662291258573535 0.88180094957351696 34.500000000000007 0.09515914693474771 24.500000000000004 24.500000000000004 0.36301757395267492 34.500000000000007 29.500000000000004 0.35691154003143316 0.35691154003143316 29.500000000000004 0.35996474325656896 0.36602003872394567 0.50965869426727306 29.500000000000004 34.500000000000007 0.51343756914138805 0.48371839523315441 0.48981103301048284
decision_type=2 2 2 2 2 2 2 2 2 2 2 2 2 2 2 2 2 2 2 2 2 2 2 2 2 2 2 2 2 2
left_child=2 6 4 7 -1 12 10 8 -3 15 -2 -5 14 -14 -4 20 18 21 22 -20 -9 -18 -17 -19 28 -26 27 -27 -11 -30
right_child=1 3 5 11 -6 -7 -8 9 -10 24 -12 -13 13 -15 -16 16 17 23 19 -21 -22 -23 -24 -25 25 26 -28 -29 29 -31
leaf_value=0.072286281021463825 0.0069024791292960005 -0.0024181610672520358 0.030927232534736206 -0.0068835829142500837 0.037943245661946762 0.014254510963651913 0.0024302617700778877 0.041644541951929459 -0.026584685620843852 -0.0022484837743882761 0.023207829895834607 -0.012282322814427147 0.042479345338155006 -0.02910039111089982 0.018764013808090493 -0.031155059829656908 0.013572539413393812 0.0055710259843565479 0.030940348255563084 -0.0060660461386324764 0.0082732116921829038 0.04079679976430952 -0.0020004897816776343 -0.04920448708748467 0.020953677429943265 -0.032157409675730234 0.034562092668140004 -0.084934623159323486 -0.015889104221752468 -0.0043270304805091524
leaf_weight=38.463315926492214 1336.0868963450193 95.064463205635548 155.43288389965892 4244.5466483011842 177.33970561251044 574.15935944765806 1496.8680386841297 14.965499296784399 51.695209443569183 1876.7988182976842 40.064011923968792 360.78055672347546 45.387184355407953 2.9237770438194266 242.63626769557595 32.16322135925293 29.344966784119606 6.3897165060043317 15.446887850761412 34.184327334165573 58.94807356595993 21.33108027279377 15.822229862213133 5.4768998622894287 72.350638166069984 12.979848623275757 15.23179769515991 11.520729213953018 113.13536787033081 339.55659727752209
leaf_count=1182 14541 786 2613 27905 3546 7472 13755 131 393 14541 393 1963 815 44 4014 248 249 56 136 278 516 181 122 48 513 88 110 75 786 2358
internal_value=0 -0.0261351 0.233725 -0.0548094 0.440643 0.18997 0.0479979 -0.0250214 -0.109307 -0.0203983 0.0737718 -0.0730652 0.250972 0.381473 0.235133 0.0590596 0.0169521 0.165429 -0.0781763 0.0545158 0.1503 0.250321 -0.215419 -0.1971 -0.0280159 0.0576847 -0.21883 -0.569745 -0.0321394 -0.0721659
internal_weight=0 10300.8 1236.34 7427.73 215.803 1020.54 2873.02 2822.41 146.76 2675.65 1376.15 4605.33 446.38 48.311 398.069 234.073 160.159 62.5427 97.6167 49.6312 73.9136 50.676 47.9855 11.8666 2441.57 112.083 39.7324 24.5006 2329.49 452.692
internal_count=99858 80172 19686 51483 4728 14958 28689 21615 1179 20436 14934 29868 7486 859 6627 1965 1318 534 784 414 647 430 370 104 18471 786 273 163 17685 3144
shrinkage=0.1


Tree=18
num_leaves=31
num_cat=0
split_feature=1 1 1 1 1 1 1 0 1 1 1 0 0 1 0 0 1 1 0 1 1 0 1 1 1 1 1 1 1 1
split_gain=61.6488 17.698 9.96403 3.32331 3.24623 2.76046 1.44471 1.26819 1.68183 1.97005 1.83356 2.04111 1.57358 1.45769 0.920174 0.931076 0.890251 1.21763 1.68942 0.958633 0.891894 0.882375 3.94091 2.41356 1.68409 3.21547 3.20532 2.279 1.3941 1.33067
threshold=0.14942944794893268 0.34540827572345739 0.036364775151014335 0.086734827607870116 0.51687538623809826 0.016984088346362117 0.26487460732460028 29.500000000000004 0.33101660013198858 0.33382870256900793 0.33685186505317694 24.500000000000004 24.500000000000004 0.33382870256900793 29.500000000000004 24.500000000000004 0.26758120954036718 0.27286805212497717 24.500000000000004 0.27015377581119543 0.31984390318393713 34.500000000000007 0.33101660013198858 0.3281323909759522 0.27015377581119543 0.2811697125434876 0.29207716882228857 0.31408727169036871 0.31168811023235327 0.27565276622772222
decision_type=2 2 2 2 2 2 2 2 2 2 2 2 2 2 2 2 2 2 2 2 2 2 2 2 2 2 2 2 2 2
left_child=2 6 5 14 -3 -1 -2 8 16 -10 11 -11 -12 21 15 -4 -8 18 -18 -20 -19 23 24 -9 -23 29 -27 28 -28 -26
right_child=1 4 3 -5 -6 -7 7 13 9 10 12 -13 -14 -15 -16 -17 17 20 19 -21 -22 22 -24 -25 25 26 27 -29 -30 -31
leaf_value=0.069861849414875318 0.0063169206568538337 -0.0022439015683084107 0.027919409826212296 0.013838156024017813 -0.006545098320688246 0.038045277137232873 -0.012078091953881466 -0.0050457396158764337 -0.027792707530530893 -0.0033623240716119471 0.005857980869440239 0.052274431594816484 -0.020705189847954823 0.011521321509049292 0.032665577383041225 0.016162265481921824 0.042917845234239922 0.0039392493596736577 -0.0146179273625607 0.02381781860572112 0.013871184141145422 -0.036854100030216434 0.079485364926532062 -0.038654757158038316 0.011593001296498241 -0.038911809509429657 0.010618804449985664 -0.01595103263467159 0.062622864329223371 0.056952319628637595
leaf_weight=35.949704848229885 1611.2789593338966 2827.0734870955348 137.97572687268257 671.62040906399488 4625.8073675110936 112.93631945177913 24.754410848021507 227.15442211925983 30.919223830103874 13.514788001775742 49.158204317092896 12.876280657947063 40.819559097290039 65.674705535173416 121.36754623427987 131.60204353556037 22.035485550761223 445.35033217072487 12.535679027438164 13.452923834323883 113.44867590814829 12.595928326249121 6.2022664099931708 23.585760310292244 13.672503396868708 23.422639682888985 44.323746547102928 37.387661121785641 5.8333197981119147 12.272955805063246
leaf_count=1182 17292 21615 2524 9048 29868 2364 241 2038 242 119 419 117 336 581 2291 2277 247 4212 123 132 991 117 66 181 127 209 403 328 54 114
internal_value=0 -0.0234659 0.214998 0.18105 -0.0491354 0.457276 0.0433732 0.0178759 0.0426651 -0.0535603 0.00605405 0.23783 -0.0619274 -0.0230187 0.254351 0.221798 0.0651055 0.0726884 0.225489 0.0527822 0.0595565 -0.0453543 0.0137711 -0.0820716 -0.0186315 0.01356 -0.0605425 0.027368 0.166669 0.330493
internal_weight=0 10315.2 1211.45 1062.57 7452.88 148.886 2862.27 1250.99 778.866 147.288 116.369 26.3911 89.9778 472.126 390.945 269.578 631.578 606.823 48.0241 25.9886 558.799 406.451 155.711 250.74 149.509 136.913 110.967 87.5447 50.1571 25.9455
internal_count=99858 80172 19686 16140 51483 3546 28689 11397 7179 1233 991 236 755 4218 7092 4801 5946 5705 502 255 5203 3637 1418 2219 1352 1235 994 785 457 241
shrinkage=0.1


Tree=19
num_leaves=31
num_cat=0
split_feature=1 1 1 1 1 1 1 0 0 0 1 1 1 1 0 1 0 0 1 1 0 1 1 1 1 1 0 1 0 1
split_gain=50.9269 14.7279 8.72548 3.98557 2.401 1.55361 1.1532 3.63484 1.28392 1.13382 1.8645 1.61208 1.83957 1.03825 1.02908 1.41704 1.00485 0.891318 1.63087 3.52461 2.86467 3.78613 2.82407 1.85508 2.4045 2.24387 3.91022 1.91416 2.73468 1.08296
threshold=0.14662138372659686 0.39890351891517645 0.024445288814604286 0.078409180045127883 0.28666757047176367 0.57633778452873241 0.5803571641445161 29.500000000000004 34.500000000000007 29.500000000000004 0.027581943199038509 0.075718779116868987 0.036364775151014335 0.016984088346362117 24.500000000000004 0.075718779116868987 34.500000000000007 24.500000000000004 0.16227126121520999 0.16772340238094333 29.500000000000004 0.15974839031696322 0.1522493585944176 0.20745266973972323 0.18328213691711429 0.20995749533176425 34.500000000000007 0.18062224984169009 29.500000000000004 0.16227126121520999
decision_type=2 2 2 2 2 2 2 2 2 2 2 2 2 2 2 2 2 2 2 2 2 2 2 2 2 2 2 2 2 2
left_child=2 4 13 9 17 -3 7 -7 -9 14 16 12 -12 -1 15 -4 -11 29 20 -20 -19 22 -22 24 27 26 -25 28 -21 -2
right_child=1 5 3 -5 -6 6 -8 8 -10 10 11 -13 -14 -15 -16 -17 -18 18 19 23 21 -23 -24 25 -26 -27 -28 -29 -30 -31
leaf_value=0.067379253161744937 0.020244492018736987 -0.0031776664700049282 0.03069607505848318 0.013395261203628146 0.00028994947019768597 -0.038856982109028132 -0.0060433728549997567 0.027437765105732728 -0.026955300480227918 -0.062488505002846466 0.064047673719053372 0.088112511000679378 0.028239580708400616 0.042562658080332792 0.015998627188530824 -0.014067341115875737 0.037996107511603386 -0.02152125868333685 0.031647819540072133 -0.011140770835086244 -0.010100150128967027 -0.042950109863534591 0.034891505768604676 -0.048919210950148243 0.016705487094139292 0.0022446677881460156 0.050713517566014665 -0.026291770113782888 0.019249845165893172 0.0070047840372501891
leaf_weight=33.666427832096815 69.646684408187866 2894.1114510968328 134.6590876840055 702.56601154431701 1795.586472414434 37.717509388923645 3654.7182833850384 15.769398808479311 5.9872748851776114 2.9855316728353491 17.098954126238823 5.8070810586214057 89.13292969763279 33.767397813498974 128.58459294587374 7.4638566747307769 1.4927658364176748 65.596045143902302 47.959991917014122 55.565986506640911 22.429225727915764 12.361418299376963 36.908915631473064 19.338725909590725 213.29239089041948 774.23249605298042 4.946696162223815 23.29798299819231 63.385144896805286 547.06910284608603
leaf_count=1182 799 20829 2646 9837 15327 249 23187 105 39 66 378 121 1769 788 2343 130 33 731 542 612 266 141 421 211 2400 7758 54 260 723 5911
internal_value=0 -0.0207377 0.200449 0.178849 0.0293036 -0.0491467 -0.0626815 -0.20081 0.124692 0.260307 0.342787 0.368077 0.340032 0.549524 0.224807 0.283452 -0.289936 0.0535419 0.0390566 0.05085 -0.0641947 0.0739677 0.178851 0.0398111 0.0998959 0.0130582 -0.28625 -0.000804146 0.0505339 0.0849997
internal_weight=0 10359.9 1157.22 1089.79 3751.62 6608.3 3714.19 59.4742 21.7567 387.225 116.517 112.039 106.232 67.4338 270.708 142.123 4.4783 1956.03 1339.32 1202.02 137.296 71.6996 59.3381 1154.06 355.542 798.518 24.2854 142.249 118.951 616.716
internal_count=99858 80565 19293 17323 36156 44409 23580 393 144 7486 2367 2268 2147 1970 5119 2776 99 20829 14119 12560 1559 828 687 12018 3995 8023 265 1595 1335 6710
shrinkage=0.1


Tree=20
num_leaves=31
num_cat=0
split_feature=1 1 1 1 1 0 1 1 1 1 0 1 1 0 1 0 1 1 1 1 0 0 1 1 0 1 0 1 0 1
split_gain=42.1373 11.7006 7.8675 3.56321 1.73298 1.40637 1.61053 1.40573 1.3784 1.34132 1.33145 1.70423 2.04534 1.58121 1.46144 1.41317 1.20776 1.10735 1.03359 1.23224 1.31415 1.40113 0.996027 0.966951 2.09607 1.76074 1.20552 1.75792 3.1954 1.05564
threshold=0.14942944794893268 0.36900331079959875 0.024445288814604286 0.081301238387823119 0.48371839523315441 29.500000000000004 0.027581943199038509 0.030736429616808895 0.075718779116868987 0.26487460732460028 24.500000000000004 0.36301757395267492 0.35129049420356756 34.500000000000007 0.35400301218032842 29.500000000000004 0.35691154003143316 0.053501000627875328 0.3778712004423142 0.37498031556606298 24.500000000000004 34.500000000000007 0.016984088346362117 0.38968493044376379 24.500000000000004 0.38666571676731115 29.500000000000004 0.38056269288063055 34.500000000000007 0.4706378728151322
decision_type=2 2 2 2 2 2 2 2 2 2 2 2 2 2 2 2 2 2 2 2 2 2 2 2 2 2 2 2 2 2
left_child=2 9 22 5 18 -4 -7 -8 17 -2 -11 12 -12 -13 -14 -16 -17 -9 19 -3 -21 -22 -1 24 25 -20 -26 28 -28 -25
right_child=1 4 3 -5 -6 6 7 8 -10 10 11 13 14 -15 15 16 -18 -19 23 20 21 -23 -24 29 26 -27 27 -29 -30 -31
leaf_value=0.064843526098744067 0.0051608921522017133 -0.0030694471795750431 0.019817595952401693 0.011872946765130191 -0.0050982111405373327 -0.02526143980706157 0.085627629235756592 0.040281424096483526 0.064409343609094658 0.0053004581213864825 -0.00010397705306614052 0.023135785538844395 -0.029835792889211239 -0.017220178657109293 -0.018857702297865458 0.028682092413855456 -0.005231817331140619 0.018924541450348123 0.011734268483960839 -0.044780542489150706 -0.0017459976911645043 -0.05861347826371182 0.03990571931083095 -0.002765175052492169 -0.011445960728971053 0.052033306485119703 0.0039249290788376419 -0.00085567163200521575 0.096630560016458089 0.0047647256793995653
leaf_weight=31.593441087752581 1595.8010110333562 98.138287261128426 281.16033980250359 703.85093532502651 5228.7382985502481 4.600883323699235 5.2496485859155646 44.813066866248846 12.161547522991894 512.77611941099167 918.42603847384453 49.831118889153004 38.157435357570648 12.05839556455612 48.77144581079483 15.118628859519957 34.379933625459671 52.980073075741529 44.905199274420738 17.163880869746208 27.71026074886322 5.1356014162302008 32.482976593077183 1328.8108069300652 61.340440839529037 14.292746186256407 10.580281376838686 55.277659527957439 5.7324877157807341 216.51951795816422
leaf_count=1182 17292 786 5386 9836 33798 99 123 992 248 4732 8212 430 279 104 370 136 278 1032 371 131 220 42 788 10218 487 126 84 451 53 1572
internal_value=0 -0.0189595 0.181351 0.161593 -0.0416096 0.236835 0.327562 0.350732 0.326596 0.0310017 0.0108208 -0.00854871 -0.0180111 0.152729 -0.132262 -0.0677677 0.051267 0.287112 -0.0156198 -0.0957985 -0.223558 -0.106375 0.522015 -0.00878322 0.0581219 0.214641 -0.0115804 0.076569 0.365027 -0.0171014
internal_weight=0 10339.7 1168.89 1104.82 7114.35 400.966 119.805 115.204 109.955 3225.32 1629.52 1116.74 1054.85 61.8895 136.427 98.27 49.4986 97.7931 1885.61 148.148 50.0097 32.8459 64.0764 1737.46 192.129 59.1979 132.931 71.5904 16.3128 1545.33
internal_count=99858 80172 19686 17716 48339 7880 2494 2395 2272 31833 14541 9809 9275 534 1063 784 414 2024 14541 1179 393 262 1970 13362 1572 497 1075 588 137 11790
shrinkage=0.1


Tree=21
num_leaves=31
num_cat=0
split_feature=1 1 1 1 0 1 1 0 1 0 1 1 1 1 1 1 0 1 1 1 1 1 1 1 1 1 1 1 0 1
split_gain=34.9243 12.6465 5.43724 2.02761 1.99272 1.83937 1.37417 1.3071 1.23761 1.18419 3.07003 2.94946 0.965233 1.76381 1.68274 1.16042 1.67662 2.09297 1.21992 0.952713 1.01361 2.00985 0.95008 1.10275 1.91669 1.24065 0.934264 0.913978 2.68564 1.05217
threshold=0.11143270507454875 0.33101660013198858 0.020628726109862331 0.48371839523315441 34.500000000000007 0.070026095956563963 0.21801400929689413 29.500000000000004 0.22067622095346454 34.500000000000007 0.33382870256900793 0.33382870256900793 0.23095164448022845 0.26244156062603002 0.25968708097934728 0.24145304411649707 34.500000000000007 0.23601070791482928 0.24662291258573535 0.33685186505317694 0.4706378728151322 0.46447163820266724 0.34243834018707281 0.34540827572345739 0.34849961102008825 0.35400301218032842 0.35691154003143316 0.80139055848121654 24.500000000000004 0.80842730402946483
decision_type=2 2 2 2 2 2 2 2 2 2 2 2 2 2 2 2 2 2 2 2 2 2 2 2 2 2 2 2 2 2
left_child=2 6 -1 9 5 -4 -2 -8 -9 11 -11 -3 -10 14 15 16 17 -14 -17 -13 21 -21 -12 -24 -25 -26 -27 -5 -29 -30
right_child=1 3 4 27 -6 -7 7 8 12 10 22 19 13 -15 -16 18 -18 -19 -20 20 -22 -23 23 24 25 26 -28 28 29 -31
leaf_value=0.055257957608526545 0.0066084285109084626 -0.027877095357370915 0.022884811841361954 -0.0039330724220684688 0.034498374998538105 0.011994552050855822 0.0044931239605504143 0.028935819363661658 -0.014073289763970181 0.076472054032145909 0.025380590283373656 0.01466811818949762 0.0077147728955055577 -0.0042627214730197342 0.03753977368202914 -0.017510895511891288 -0.0044510910498302683 0.060329023805185955 0.0055252521900775349 -0.0016588442787127903 0.0053100481918153895 -0.016610950952565116 -0.041290600974585 0.054973741111165902 -0.024331903325675336 0.043115734738413285 0.0022690830753046877 -0.0032034167979484878 -0.030283192314998666 -0.012194262938564376
leaf_weight=43.936136528849602 1312.4133648201823 43.031613186001778 294.07372335717082 4246.2534341216087 74.012394033372402 328.16611763834953 1048.3016141504049 13.349834203720091 58.494767606258392 5.82052257657051 18.204492211341858 36.124199330806732 16.41373481601477 404.09325484186411 17.047418355941772 32.658410452306271 21.658970229327679 14.017345547676085 77.639581561088562 1810.8746304735541 187.20946082472801 94.596033900976181 5.8090654015541068 6.8534026890993109 17.512784205377102 5.7193673849105826 267.39729963988066 615.55597510933876 35.43132458627224 347.83902055025101
leaf_count=1576 15720 327 5980 27905 1426 5202 10364 146 595 66 176 330 181 3617 160 301 244 166 732 14251 1366 687 55 66 134 56 2136 3765 201 1927
internal_value=0 -0.0131691 0.211394 -0.0345637 0.189864 0.171413 0.0417647 0.0230303 -0.0120013 -0.0111224 0.0449493 -0.0195729 -0.0182675 -0.00599123 0.0765139 0.0451373 0.168146 0.319503 -0.0129558 -0.0143335 -0.017113 -0.0240113 0.0319182 0.0185999 0.0270261 0.0146999 0.0312446 -0.045733 -0.0729506 -0.138665
internal_weight=0 10760.3 740.188 7744.23 696.252 622.24 3016.09 1703.67 655.373 2499.15 327.317 2171.84 642.023 583.529 179.435 162.388 52.0901 30.4311 110.298 2128.8 2092.68 1905.47 321.496 303.292 297.483 290.629 273.117 5245.08 998.826 383.27
internal_count=99858 85674 14184 53448 12608 11182 32226 16506 6142 19650 2689 16961 5996 5401 1784 1624 591 347 1033 16634 16304 14938 2623 2447 2392 2326 2192 33798 5893 2128
shrinkage=0.1


Tree=22
num_leaves=31
num_cat=0
split_feature=1 1 1 0 1 1 1 0 1 1 1 1 1 1 0 1 1 1 0 1 1 1 1 1 0 1 1 1 1 0
split_gain=28.8656 10.2468 4.85538 1.72613 1.6394 1.56771 1.1243 1.0607 1.02546 0.904739 1.5938 1.04275 0.980899 1.17093 1.41345 1.85031 1.0272 1.46153 1.95901 2.35768 1.00779 1.208 2.19047 0.895961 0.842062 2.10143 0.786831 0.785304 0.779106 0.769223
threshold=0.11143270507454875 0.33101660013198858 0.020628726109862331 34.500000000000007 0.52710729837417614 0.070026095956563963 0.21801400929689413 29.500000000000004 0.22067622095346454 0.31408727169036871 0.30892534554004675 0.30629044771194464 0.23095164448022845 0.24145304411649707 34.500000000000007 0.23601070791482928 0.29494965076446539 0.2811697125434876 34.500000000000007 0.27565276622772222 0.26487460732460028 0.27015377581119543 0.27286805212497717 0.52376058697700512 34.500000000000007 0.31168811023235327 0.9182548224925996 0.024445288814604286 0.31984390318393713 34.500000000000007
decision_type=2 2 2 2 2 2 2 2 2 2 2 2 2 2 2 2 2 2 2 2 2 2 2 2 2 2 2 2 2 2
left_child=2 6 -1 5 23 -4 -2 28 -9 10 11 12 -10 14 15 -14 17 18 -15 20 -20 -22 -23 29 25 -12 -6 -5 -8 -3
right_child=1 4 3 27 26 -7 7 8 9 -11 24 -13 13 16 -16 -17 -18 -19 19 -21 21 22 -24 -25 -26 -27 -28 -29 -30 -31
leaf_value=0.052539291079662515 0.0059814898902838939 -0.002211322431823131 0.021047090766737213 0.10433320153756531 -0.0040886230877266293 0.010913748818899685 0.0031137606810302866 0.026685298945688753 -0.012520489267340821 -0.010110900526615674 0.04277281807387856 -0.025588692134956473 0.0069885506692205935 -0.0066825373028301218 -0.003990912210074065 0.057199211531770044 0.010684448881753171 -0.014877014502051533 0.013412696331869103 0.053777757477133016 -0.031950636057015779 0.052509385175978335 -0.027892427852529652 0.011105490955435603 0.045676491204330705 -0.023447259967269152 -0.011413594820714128 0.030553302508366454 0.011951809656631977 0.0023974156937355152
leaf_weight=41.70685139298439 1305.3636607155204 2771.1659920439124 288.10129369795322 1.4728748239576805 4364.4632919430733 324.78454632684588 932.99879210442305 13.044721454381941 59.138289123773575 105.31479962915182 9.7535725235939026 17.063087411224842 16.312999531626705 140.12587930262089 21.736417025327682 13.341757893562315 65.575801014900208 78.682539075613022 57.783209845423698 11.771788135170935 12.969734050333502 6.5202809348702413 7.0547301918268204 56.403545588254929 10.309190839529039 9.4210643693804741 151.74429455399513 70.308972481638193 111.68287923187017 416.59186822921038
leaf_count=1576 15720 21053 5980 37 27905 5202 9373 146 595 881 88 150 181 1307 244 166 597 703 543 114 117 61 66 393 98 85 784 1389 991 3313
internal_value=0 -0.0118282 0.194134 0.173955 -0.0310287 0.156772 0.0377407 0.0207968 -0.0107213 -0.0163536 0.000251 -0.0128659 -0.0044207 0.0121187 0.1538 0.295785 -0.00701781 -0.0307282 0.0085894 0.118554 0.0600323 -0.101259 0.107258 -0.0138797 0.226286 0.102369 -0.0433474 0.320672 0.040586 -0.0160903
internal_weight=0 10766.3 726.375 684.668 7760.37 612.886 3005.97 1700.6 655.92 642.875 537.56 508.077 491.013 431.875 51.3912 29.6548 380.484 314.908 236.226 96.0997 84.328 26.5447 13.575 3244.16 29.4838 19.1746 4516.21 71.7818 1044.68 3187.76
internal_count=99858 85674 14184 12608 53448 11182 32226 16506 6142 5996 5115 4844 4694 4099 591 347 3508 2911 2208 901 787 244 127 24759 271 173 28689 1426 10364 24366
shrinkage=0.1


Tree=23
num_leaves=31
num_cat=0
split_feature=1 1 1 1 1 1 1 0 1 1 1 1 1 0 1 1 1 1 1 1 1 1 0 1 1 0 1 1 1 0
split_gain=23.8561 6.31479 5.42816 2.13937 1.0082 0.955653 1.27882 1.01593 1.44605 0.911297 0.877825 0.842116 2.48485 1.08773 2.77227 1.46531 1.24269 0.830718 0.991239 0.809947 0.812591 1.25571 0.803638 1.3079 1.51014 1.16169 0.85657 0.850192 2.20126 0.794451
threshold=0.14942944794893268 0.39890351891517645 0.024445288814604286 0.086734827607870116 0.30349151790142065 0.71597900986671459 0.70527815818786632 24.500000000000004 0.83094432950019848 0.016984088346362117 0.67939728498458873 0.8636571764945985 0.87241804599761974 29.500000000000004 0.84697419404983532 0.84697419404983532 0.85504227876663219 0.6562258005142213 0.66487547755241405 0.7509371042251588 0.8636571764945985 0.83793222904205333 29.500000000000004 0.027581943199038509 0.030736429616808895 24.500000000000004 0.033499523997306831 0.033499523997306831 0.036364775151014335 29.500000000000004
decision_type=2 2 2 2 2 2 2 2 2 2 2 2 2 2 2 2 2 2 2 2 2 2 2 2 2 2 2 2 2 2
left_child=2 4 9 22 -2 6 10 19 29 -1 17 13 -13 15 -15 -10 -17 -3 -19 -7 21 -21 25 -24 -25 26 -4 -27 -29 -9
right_child=1 5 3 -5 -6 7 -8 8 11 -11 -12 12 -14 14 -16 16 -18 18 -20 20 -22 -23 23 24 -26 27 -28 28 -30 -31
leaf_value=0.057630591848048279 0.0033332726112613761 -0.0027428379383113107 0.039631842158024233 0.0087320829953005732 -1.7280676175465131e-05 -0.0093969869325058776 0.0074975588093132333 -0.002436674250853399 -0.037158395422044257 0.032092094309162662 -0.0078012754150798488 0.020112123986650066 -0.014859322143441987 0.030233782613609303 -0.04061177974225811 0.0027285246311308567 -0.029380394662052056 0.0098846251335337129 -0.0019537422552133358 -0.0017139693571987899 -0.0053519181420047263 0.010667036731669688 -0.02839903067383695 0.082504474472218037 0.024305845040969491 -0.013086690298568232 0.018090922428514383 0.071131809981998473 0.008442602360900324 -0.010046288425858247
leaf_weight=26.817204438149929 2146.4355093315244 4054.8499044179916 21.474462233483791 640.40066736191511 1544.1639417037368 164.25790737569332 125.25405548512936 407.79385341703892 47.798168838024139 29.171137452125549 319.41587433218956 24.714169651269913 114.21074423193932 12.804965555667879 9.7132726013660413 25.467750191688538 22.884065389633179 117.36286832392216 177.99996608495712 383.61249321699142 356.36684665083885 104.16030979156494 4.4969516023993483 4.6344351880252352 117.47004615888 16.06297892332077 131.51122490316629 5.8709718286991111 121.92061956971884 206.75621628761292
leaf_count=1182 22794 28296 489 9048 12969 1023 786 2561 259 788 1966 141 583 70 51 138 124 786 1179 2480 2025 704 99 123 2546 342 2667 125 2277 1237
internal_value=0 -0.0138805 0.139758 0.123786 0.0193139 -0.0322325 -0.0247393 -0.051338 -0.0763306 0.443245 -0.027414 -0.139224 -0.0863805 -0.201089 -0.00325547 -0.247421 -0.124681 -0.0236988 0.0275025 -0.0297223 -0.0172207 0.00929904 0.178934 0.245642 0.265148 0.150484 0.211146 0.0859708 0.113227 -0.0499682
internal_weight=0 10366 1119.83 1063.84 3690.6 6675.42 4794.88 1880.54 872.143 55.9883 4669.63 257.593 138.925 118.668 22.5182 96.15 48.3518 4350.21 295.363 1008.4 844.14 487.773 423.442 126.601 122.104 296.84 152.986 143.855 127.792 614.55
internal_count=99858 80172 19686 17716 35763 44409 33013 11396 5164 1970 32227 1366 724 642 121 521 262 30261 1965 6232 5209 3184 8668 2768 2669 5900 3156 2744 2402 3798
shrinkage=0.1


Tree=24
num_leaves=31
num_cat=0
split_feature=1 1 1 1 0 1 1 0 1 1 0 0 1 1 0 1 1 0 1 1 1 1 1 1 1 1 1 0 1 1
split_gain=19.8352 6.77394 3.92161 1.52207 1.36326 1.57506 0.937959 0.992474 0.904983 1.30785 2.19062 1.12495 0.743976 1.88505 0.646679 0.823504 1.59245 0.760301 1.49978 1.00553 2.45406 2.28571 1.14732 1.079 0.820981 0.802052 4.02686 1.83384 2.72014 2.67389
threshold=0.11143270507454875 0.30349151790142065 0.016984088346362117 0.48371839523315441 34.500000000000007 0.045239530503749854 0.042475175112485893 24.500000000000004 0.48981103301048284 0.4932153075933457 29.500000000000004 34.500000000000007 0.10890303179621698 0.10613335296511651 34.500000000000007 0.4706378728151322 0.46447163820266724 24.500000000000004 0.30892534554004675 0.4485223144292832 0.40847948193550115 0.45494055747985851 0.43347074091434484 0.43637980520725256 0.40516562759876257 0.43637980520725256 0.42723102867603308 29.500000000000004 0.44251377880573278 0.44251377880573278
decision_type=2 2 2 2 2 2 2 2 2 2 2 2 2 2 2 2 2 2 2 2 2 2 2 2 2 2 2 2 2 2
left_child=2 -2 -1 14 5 6 -4 -8 11 10 -10 -5 13 -6 15 16 17 18 -3 20 24 -21 -22 -24 -20 26 -19 29 -29 -27
right_child=1 3 4 8 12 -7 7 -9 9 -11 -12 -13 -14 -15 -16 -17 -18 25 19 21 22 -23 23 -25 -26 27 -28 28 -30 -31
leaf_value=0.054966080106461868 0.0035497715275072741 -0.020671925825473066 0.01998457177490193 -0.0079096570844183738 0.026750914445470533 0.010710772872896514 0.018234184533055003 0.06932331827805864 0.025051051647066044 -0.0033434081482551659 -0.017044072909902366 -0.035225197146414026 -0.019301563818636614 0.10760309632186971 0.0032726114884269655 0.0052757259685017252 -0.014232607072910457 -0.0029715169929425368 0.0038141036186010746 0.032889778044545917 -0.01364048472503452 6.6789693666326094e-05 0.022916517728510683 -0.0046974650833356765 0.024817414893754774 -0.040807814089009221 0.020499391075887399 0.031869131118055262 -0.0061904037749982953 -0.0078409662212061242
leaf_weight=25.381391823291779 2543.7904650568962 30.083033353090286 118.13162400759757 97.870360016822815 63.5717613697052 474.50237851217389 6.9321613647043696 8.4221820719540101 39.379105255007744 5108.4039894789457 18.019245639443398 17.82245497405529 3.151972532272338 3.0206403434276572 387.45012877881527 187.16470476984978 95.966690674424171 1086.1739353388548 497.990323536098 33.204536885023117 136.84382903575897 58.762247934937477 17.978862762451172 66.446786612272263 19.332969188690186 31.306030333042145 78.372648239135742 24.124047219753265 84.749632701277733 114.90643620491028
leaf_count=1182 28296 259 2831 665 1370 8359 159 189 270 32619 123 121 48 46 3233 1366 687 8766 4244 265 1063 435 142 501 150 235 619 181 609 825
internal_value=0 -0.0096058 0.163747 -0.0235428 0.149294 0.134104 0.230067 0.462577 -0.0337064 -0.0317475 0.11836 -0.121176 0.281714 0.304184 -0.00535163 -0.0111069 -0.0161372 -0.0108265 0.0126253 0.02057 0.00829207 0.119175 -0.0798454 0.0118307 0.0459902 -0.025044 -0.0139195 -0.0758305 0.0224276 -0.148996
internal_weight=0 10776.1 703.114 8232.35 677.733 607.988 133.486 15.3543 5281.5 5165.8 57.3984 115.693 69.7444 66.5924 2950.86 2563.41 2376.24 2280.28 860.643 830.56 738.593 91.9668 221.269 84.4256 517.323 1419.63 1164.55 255.086 108.874 146.212
internal_count=99858 85674 14184 57378 13002 11538 3179 348 33798 33012 393 786 1464 1416 23580 20347 18981 18294 7059 6800 6100 700 1706 643 4394 11235 9385 1850 790 1060
shrinkage=0.1


Tree=25
num_leaves=31
num_cat=0
split_feature=1 1 1 1 0 1 1 1 0 1 1 1 0 1 1 1 0 1 1 0 1 0 1 0 1 1 1 1 1 0
split_gain=16.3543 4.64409 3.86803 1.15513 0.902225 1.20848 2.18017 1.64095 0.901528 1.23043 2.14549 1.88196 3.16657 1.76193 1.38607 2.13483 2.02718 1.31072 1.74136 1.4029 1.29819 1.54618 1.04586 1.01791 0.937636 0.929938 0.913331 0.866852 3.06311 1.79817
threshold=0.13291902840137484 0.36900331079959875 0.024445288814604286 0.078409180045127883 34.500000000000007 0.12739898264408114 0.10890303179621698 0.10613335296511651 24.500000000000004 0.20745266973972323 0.18328213691711429 0.20995749533176425 34.500000000000007 0.18062224984169009 0.16227126121520999 0.17022551596164706 29.500000000000004 0.36301757395267492 0.35129049420356756 34.500000000000007 0.15974839031696322 34.500000000000007 0.35400301218032842 29.500000000000004 0.1992801055312157 0.19684584438800815 0.35691154003143316 0.78794699907302868 0.78084453940391552 24.500000000000004
decision_type=2 2 2 2 2 2 2 2 2 2 2 2 2 2 2 2 2 2 2 2 2 2 2 2 2 2 2 2 2 2
left_child=2 8 -1 -4 -5 6 7 -6 -2 10 13 12 -11 14 20 -16 -17 18 -13 -19 -10 -22 -20 -24 25 -12 -25 28 -3 -29
right_child=1 27 3 4 5 -7 -8 -9 9 11 24 17 -14 -15 15 16 -18 19 22 -21 21 -23 23 26 -26 -27 -28 29 -30 -31
leaf_value=0.039436397190240467 0.0044532246796350474 -0.002207664170932459 0.015796541923104531 0.0067867267275452357 0.02561929287828002 0.056627985337400592 -0.006507452362890279 0.10682746403230477 -0.00028599316499052207 -0.045580323150387514 0.014348581095640882 0.00039459206287656461 0.046107635439306467 -0.026091213238077633 0.02255462001365903 -0.015894681022790548 0.013724917460108569 0.021776505517093356 -0.025186766232839893 -0.016176843119289738 -0.013045766941117434 -0.08036089793973894 -0.015979622367044838 0.025259425318594694 0.0038759794282511072 0.03693315879529023 -0.0045505367209062167 -0.0017393185463283245 0.020211983955098087 -0.0098701844720902043
leaf_weight=51.8666768707335 1063.2275437787175 5992.1294957920909 345.74252038449049 455.62400221824646 25.962208166718487 7.7227583527564994 26.155770137906075 2.7520183473825446 212.54843837022781 19.714967474341396 112.38022305816412 1457.2110506817698 4.6563666164875022 23.328931145370007 69.460324168205261 44.873351164162159 47.635170072317123 49.239100530743599 39.171227261424065 12.140639901161192 18.54435665905476 4.1816154718399039 49.637075871229172 14.632178485393522 72.156786940991879 21.762422062456608 34.538196921348572 679.63908690214157 61.566394731402397 453.47466100752354
leaf_count=1970 11065 41267 7486 6884 460 108 374 46 2634 211 1312 13838 54 260 816 498 563 430 279 104 208 47 370 136 834 254 278 4150 393 2529
internal_value=0 -0.010184 0.129123 0.113199 0.0833326 0.195908 0.143779 0.334024 0.020439 0.00933909 0.0471499 -0.00476164 -0.280625 0.00617637 0.0218617 0.0930545 -0.00642739 -0.000703158 -0.00622084 0.142695 -0.0271492 -0.254319 -0.113593 -0.0587758 0.13068 0.180126 0.0432035 -0.0245481 -0.0197966 -0.0499331
internal_weight=0 10557.8 915.826 863.959 518.217 62.5928 54.87 28.7142 3371.04 2307.81 626.872 1680.94 24.3713 420.572 397.243 161.969 92.5085 1656.57 1595.19 61.3797 235.274 22.726 137.979 98.8075 206.299 134.143 49.1704 7186.81 6053.7 1133.11
internal_count=99858 82530 17328 15358 7872 988 880 506 34191 23126 7426 15700 265 5026 4766 1877 1061 15435 14901 534 2889 255 1063 784 2400 1566 414 48339 41660 6679
shrinkage=0.1


end of trees

feature importances:
0=612
qp=168

parameters:
[boosting: gbdt]
[objective: binary]
[metric: rmse]
[tree_learner: serial]
[device_type: cpu]
[data: ]
[valid: ]
[num_iterations: 100]
[learning_rate: 0.1]
[num_leaves: 31]
[num_threads: 0]
[max_depth: -1]
[min_data_in_leaf: 20]
[min_sum_hessian_in_leaf: 0.001]
[bagging_fraction: 1]
[pos_bagging_fraction: 1]
[neg_bagging_fraction: 1]
[bagging_freq: 0]
[bagging_seed: 3]
[feature_fraction: 1]
[feature_fraction_bynode: 1]
[feature_fraction_seed: 2]
[early_stopping_round: 0]
[first_metric_only: 0]
[max_delta_step: 0]
[lambda_l1: 0]
[lambda_l2: 0]
[min_gain_to_split: 0]
[drop_rate: 0.1]
[max_drop: 50]
[skip_drop: 0.5]
[xgboost_dart_mode: 0]
[uniform_drop: 0]
[drop_seed: 4]
[top_rate: 0.2]
[other_rate: 0.1]
[min_data_per_group: 100]
[max_cat_threshold: 32]
[cat_l2: 10]
[cat_smooth: 10]
[max_cat_to_onehot: 4]
[top_k: 20]
[monotone_constraints: ]
[feature_contri: ]
[forcedsplits_filename: ]
[forcedbins_filename: ]
[refit_decay_rate: 0.9]
[cegb_tradeoff: 1]
[cegb_penalty_split: 0]
[cegb_penalty_feature_lazy: ]
[cegb_penalty_feature_coupled: ]
[verbosity: 0]
[max_bin: 255]
[max_bin_by_feature: ]
[min_data_in_bin: 3]
[bin_construct_sample_cnt: 200000]
[histogram_pool_size: -1]
[data_random_seed: 1]
[output_model: LightGBM_model.txt]
[snapshot_freq: -1]
[input_model: ]
[output_result: LightGBM_predict_result.txt]
[initscore_filename: ]
[valid_data_initscores: ]
[pre_partition: 0]
[enable_bundle: 1]
[max_conflict_rate: 0]
[is_enable_sparse: 1]
[sparse_threshold: 0.8]
[use_missing: 1]
[zero_as_missing: 0]
[two_round: 0]
[save_binary: 0]
[header: 0]
[label_column: ]
[weight_column: ]
[group_column: ]
[ignore_column: ]
[categorical_feature: ]
[predict_raw_score: 0]
[predict_leaf_index: 0]
[predict_contrib: 0]
[num_iteration_predict: -1]
[pred_early_stop: 0]
[pred_early_stop_freq: 10]
[pred_early_stop_margin: 10]
[convert_model_language: ]
[convert_model: gbdt_prediction.cpp]
[num_class: 1]
[is_unbalance: 0]
[scale_pos_weight: 1]
[sigmoid: 1]
[boost_from_average: 1]
[reg_sqrt: 0]
[alpha: 0.9]
[fair_c: 1]
[poisson_max_delta_step: 0.7]
[tweedie_variance_power: 1.5]
[max_position: 20]
[lambdamart_norm: 1]
[label_gain: ]
[metric_freq: 1]
[is_provide_training_metric: 0]
[eval_at: ]
[multi_error_top_k: 1]
[num_machines: 1]
[local_listen_port: 12400]
[time_out: 120]
[machine_list_filename: ]
[machines: ]
[gpu_platform_id: -1]
[gpu_device_id: -1]
[gpu_use_dp: 0]

end of parameters

pandas_categorical:[]
